96501,'1e386a27476c5b6e1461',1711,,345,9,0,50 13 14,0
96501,'1f5759673f12020b0a50',751,,382,9,0,50 13 14,0
96501,'2f16807a52596335736c',751,,341,9,0,50 13 14,0,265,,339,9,0,50 13 14,0,200,,342,9,0,50 13 14,0,210,,340,9,0,50 13 14,0,425,,470,9,0,50 13 14,0
96501,'7a7c2673351c18595c18',1216,,384,9,0,50 13 14,0,320,,344,9,0,50 13 14,0,305,,383,9,0,50 13 14,0
96801,'014b63200b157a720f0c',1830,,371,16,,,0
96801,'097348313a7e544e7b2b',1110,,360,17,,,0,230,,361,17,,,0,500,,362,17,,,0
96801,'156e251957736a3b2f1d',1110,,363,13,,,0,720,,364,13,,,0
96801,'1e7832711c690d2e452a',1727,,473,12,,,0,110,,453,2,,,0
96801,'2f16807a52596335736c',627,,366,9,,,0,92,,365,13,,,0,525,,367,13,,,0,400,,368,13,,,0
96801,'31744f7e5638320a2d4c',1227,,472,12,,,0
96801,'705c7f50195b7058446b',1830,,374,16,,,0
