96201,'0e083239767c445d570c',900,,114,7,0,50 13 44,0
96201,'135f4f1051221c73186b',1309,,412,15,0,50 13 44,0,515,,413,15,0,50 13 44,0
96201,'153723784e7d3b2b0731',1410,,126,7,0,50 13 44,0
96201,'184134507f4517151633',900,,414,7,0,50 13 44,0,425,,415,7,0,50 13 44,0,499,,416,7,0,50 13 44,0
96201,'1c6668060e3547483b62',1230,,417,8,0,50 13 44,0
96201,'2a08755845643968295b',900,,117,7,0,50 13 44,0
96201,'3a658045251733743778',1410,,121,7,0,50 13 44,0,415,,120,7,0,50 13 44,0
96201,'4161404f6e1d206c551d',1309,,419,15,0,50 13 44,0,515,,420,15,0,50 13 44,0
96201,'456526736278083e573b',1725,,421,8,0,50 13 44,0
96201,'486b294706564a373d04',1725,,422,8,0,50 13 44,0
96201,'494c103a0c600f5b155d',1230,,423,8,0,50 13 44,0
96201,'54671a3201207c557567',900,,424,7,0,50 13 44,0,409,,426,15,0,50 13 44,0,515,,427,15,0,50 13 44,0
96201,'5c3f0c273c5f637c7951',1309,,428,15,0,50 13 44,0,515,,429,15,0,50 13 44,0
96201,'5f39503d7a7a0c366424',1825,,125,7,0,50 13 44,0
96201,'79205e122e21020a041d',710,,431,7,0,50 13 44,0,105,,432,7,0,50 13 44,0
96201,'7c40501f37807a467b28',900,,433,7,0,50 13 44,0
96201,'7f25501a30683c20583f',710,,434,7,0,50 13 44,0,105,,435,7,0,50 13 44,0,510,,436,7,0,50 13 44,0,499,,437,7,0,50 13 44,0
