96201,'135f4f1051221c73186b',1319,,412,18,0,50 13 44,0,515,,413,18,0,50 13 44,0
96201,'184134507f4517151633',910,,414,10,0,50 13 44,0,425,,415,10,0,50 13 44,0,499,,416,10,0,50 13 44,0
96201,'1c6668060e3547483b62',1240,,417,11,0,50 13 44,0
96201,'3a511f30370a721b2433',910,,114,10,0,50 13 44,0
96201,'4161404f6e1d206c551d',1319,,419,18,0,50 13 44,0,515,,420,18,0,50 13 44,0
96201,'456526736278083e573b',1735,,421,11,0,50 13 44,0
96201,'486b294706564a373d04',1735,,422,11,0,50 13 44,0
96201,'494c103a0c600f5b155d',1240,,423,11,0,50 13 44,0
96201,'4d5937526b3b473f041c',1420,,121,10,0,50 13 44,0,415,,120,10,0,50 13 44,0
96201,'54671a3201207c557567',910,,424,10,0,50 13 44,0,409,,426,18,0,50 13 44,0,515,,427,18,0,50 13 44,0
96201,'5c3f0c273c5f637c7951',1319,,428,18,0,50 13 44,0,515,,429,18,0,50 13 44,0
96201,'69181125652d7e4d6a80',910,,117,10,0,50 13 44,0,510,,126,10,0,50 13 44,0,415,,125,10,0,50 13 44,0
96201,'79205e122e21020a041d',725,,431,12,0,50 13 44,0,100,,432,10,0,50 13 44,0
96201,'7c40501f37807a467b28',910,,433,10,0,50 13 44,0
96201,'7f25501a30683c20583f',725,,434,12,0,50 13 44,0,100,,435,10,0,50 13 44,0,510,,436,10,0,50 13 44,0,499,,437,10,0,50 13 44,0
