96100,'1e7832711c690d2e452a',1955,,293,22,0,72 73,0
96100,'1f5759673f12020b0a50',1035,,279,2,0,74 42,0,370,,281,21,0,72 73,0,550,,283,21,0,72 73,0
96100,'2c56623b663e672c651f',1445,,288,21,0,72 73,0
96100,'2f16807a52596335736c',915,,278,21,0,70 13 71,0
96100,'31744f7e5638320a2d4c',1400,,286,21,0,72 73,0
96100,'470c2b026954373b2a2c',1955,,290,21,0,72 73,0
96101,'1e386a27476c5b6e1461',607,,316,2,0,43 13 44 75,0
96101,'1f5759673f12020b0a50',1107,,306,2,0,43 21 49,0,527,,308,3,0,43 21 49,0
96101,'2f16807a52596335736c',1054,,378,9,0,43 21 49,0,580,,300,3,0,43 21 49,0
96101,'59737b0d0f044b52693e',607,,297,2,0,43 21 49,0
