96000,'1e386a27476c5b6e1461',735,,250,21,0,5 6 7 8,0,195,,252,21,0,5 6 7 8,0,725,,247,21,4,,0,150,,248,18,0,5 6 7 8,0,100,,249,18,0,47 48,0
96000,'1f5759673f12020b0a50',1045,,241,21,4,,0
96000,'2f16807a52596335736c',845,,237,21,4,,0,185,,238,21,4,,0,275,,239,21,4,,0,45,,240,21,4,,0,265,,233,21,4,,0,185,,234,21,4,,0,105,,235,21,4,,0,110,,236,21,4,,0
96000,'31744f7e5638320a2d4c',1305,,242,18,0,47 48,0
96000,'59737b0d0f044b52693e',735,,243,21,4,,0
96000,'7a7c2673351c18595c18',835,,244,21,4,,0,470,,245,21,4,,0,510,,246,21,4,,0
96200,'0e02675f5b025e807c5b',832,,385,14,0,76 77 78 2 10 11,0,219,,386,2,0,76 77 78 2 10 11,0,298,,387,14,0,76 77 78 2 10 11,0
96200,'17341052637b72794d09',832,,391,14,0,76 77 78 2 10 11,0,194,,392,2,0,76 77 78 2 10 11,0,323,,393,14,0,76 77 78 2 10 11,0
96200,'184134507f4517151633',833,,388,14,4,,0,416,,389,13,4,,0,496,,390,14,4,,0
96200,'3c165732776e7051752a',742,,404,15,0,5 6 7 8,0,1010,,405,19,4,,0
96200,'456526736278083e573b',1857,,394,19,4,,0
96200,'494c103a0c600f5b155d',1257,,396,19,4,,0
96200,'54671a3201207c557567',832,,397,14,0,76 77 78 2 10 11,0,194,,398,2,0,76 77 78 2 10 11,0,323,,399,14,0,76 77 78 2 10 11,0,395,,400,14,4,,0
96200,'5c3f0c273c5f637c7951',832,,403,14,0,76 77 78 2 10 11,0,219,,401,2,0,76 77 78 2 10 11,0,298,,402,14,0,76 77 78 2 10 11,0
96200,'661a4f71514f6d6d182d',1857,,395,19,4,,0
96200,'7c40501f37807a467b28',1744,,406,14,4,,0
96200,'7f25501a30683c20583f',742,,407,15,0,5 6 7 8,0,90,,408,14,4,,0,425,,409,19,4,,0,495,,410,19,4,,0
