96501,'1e386a27476c5b6e1461',1721,,345,15,0,50 13 14,0
96501,'1f5759673f12020b0a50',801,,382,15,0,50 13 14,0
96501,'2f16807a52596335736c',801,,341,15,0,50 13 14,0,225,,339,15,0,50 13 14,0,200,,342,15,0,50 13 14,0,210,,340,15,0,50 13 14,0,465,,470,15,0,50 13 14,0
96501,'7a7c2673351c18595c18',1226,,384,15,0,50 13 14,0,320,,344,15,0,50 13 14,0,305,,383,15,0,50 13 14,0
96801,'014b63200b157a720f0c',1840,,371,22,,,0
96801,'097348313a7e544e7b2b',1120,,360,23,,,0,230,,361,23,,,0,500,,362,23,,,0
96801,'156e251957736a3b2f1d',1120,,363,19,,,0,720,,364,19,,,0
96801,'1e7832711c690d2e452a',1715,,473,6,,,0
96801,'2f16807a52596335736c',637,,366,15,,,0,92,,365,19,,,0,525,,367,19,,,0,400,,368,19,,,0
96801,'31744f7e5638320a2d4c',1215,,472,6,,,0
96801,'705c7f50195b7058446b',1840,,374,22,,,0
