96501,'0b513869452f04592e7e',734,,190,10,0,61 13 14,0
96501,'29647339712b7076223f',1159,,191,10,0,61 13 14,0
96501,'3b2d20213a3638122137',1205,,188,2,0,50 13 14,0,625,,189,2,0,50 13 14,0
96501,'4b45166903332708163d',1159,,192,10,0,61 13 14,0
96501,'4d493e48287b4a1b1325',616,,207,2,0,50 13 14,0,343,,208,10,0,61 13 14,0,47,,209,2,0,50 13 14,0,329,,205,1,0,50 13 14,0,69,,206,10,0,61 13 14,0,11,,210,2,0,50 13 14,0
96501,'4e506b757c6f3d0e5f30',1159,,198,10,0,65 66,0,76,,199,1,0,50 13 14,0
96501,'5c7e4b54604b3e48364a',1824,,204,10,0,61 13 14,0
96501,'651e4b362f651d7f6b44',1149,,193,9,0,61 13 14,0,56,,194,1,0,50 13 14,0,614,,195,9,0,50 13 14,0
96501,'71195b12695235125107',740,,200,2,0,50 13 14,0
96501,'726f167a3e2a3e512d3b',708,,202,6,0,50 40 6 64,0,26,,203,10,0,65 66,0,966,,201,10,0,50 13 14,0
96501,'776f621e54624a023862',1519,,196,10,0,61 13 14,0,6,,197,2,0,50 13 14,0
