96100,'0e5131610429337c0530',1002,,274,22,0,25 6 26 27,0
96100,'182e1170551a4b4f4917',1524,,47,23,0,16 14,0,230,,48,23,0,16 14,0
96100,'1c2e3625233d01453772',834,,277,25,0,70 13 71,0,95,,278,23,0,70 13 71,0,925,,276,23,0,70 13 71,0
96100,'1f5759673f12020b0a50',1049,,279,4,4,,0,10,,280,23,0,70 13 71,0,795,,282,23,0,70 13 71,0
96100,'2829557e4e6662246775',749,,67,23,0,16 14,0,360,,68,23,0,16 14,0,305,,69,23,0,16 14,0
96100,'31744f7e5638320a2d4c',1347,,284,24,0,70 13 71,0
96100,'3823594e52252d7f6b14',1659,,287,23,0,70 13 71,0
96100,'456e647057623f581d57',1347,,289,23,0,70 13 71,0
96100,'5a622e2f735638475e4f',1858,,50,25,0,16 14,0
96100,'7e6273386a42064a2f0b',749,,61,23,0,16 14,0,360,,62,23,0,16 14,0,305,,63,23,0,16 14,0,490,,64,23,0,16 14,0
