96200,'0e02675f5b025e807c5b',753,,385,1,0,76 77 78 2 10 11,0,557,,387,1,0,76 77 78 2 10 11,0
96200,'17341052637b72794d09',753,,391,1,0,76 77 78 2 10 11,0,557,,393,1,0,76 77 78 2 10 11,0
96200,'184134507f4517151633',753,,388,1,0,5 42,0,457,,389,1,0,5 42,0,495,,390,1,0,5 42,0
96200,'3c165732776e7051752a',700,,404,1,0,5 6 7 8,0,1005,,405,1,0,5 42,0
96200,'456526736278083e573b',1810,,394,1,0,5 42,0
96200,'494c103a0c600f5b155d',1210,,396,1,0,5 42,0
96200,'54671a3201207c557567',753,,397,1,0,76 77 78 2 10 11,0,557,,399,1,0,76 77 78 2 10 11,0,395,,400,1,0,5 42,0
96200,'5c3f0c273c5f637c7951',753,,403,1,0,76 77 78 2 10 11,0,557,,402,1,0,76 77 78 2 10 11,0
96200,'661a4f71514f6d6d182d',1810,,395,1,0,5 42,0
96200,'7c40501f37807a467b28',1705,,406,1,0,5 42,0
96200,'7f25501a30683c20583f',700,,407,1,0,5 6 7 8,0,53,,408,1,0,5 42,0,457,,409,1,0,5 42,0,495,,410,1,0,5 42,0
96500,'1e386a27476c5b6e1461',710,,337,1,0,63 13,0,810,,338,1,0,63 13,0
96500,'2f16807a52596335736c',823,,329,1,0,63 13,0,332,,330,1,0,63 13,0,545,,469,1,0,63 13,0,110,,332,1,0,63 13,0
96500,'7a7c2673351c18595c18',845,,334,1,0,63 13,0,400,,335,1,0,63 13,0,365,,336,1,0,63 13,0,310,,333,1,0,63 13,0
96800,'014b63200b157a720f0c',930,,356,1,,,0
96800,'097348313a7e544e7b2b',800,,346,1,,,0,345,,347,1,,,0,400,,348,1,,,0
96800,'156e251957736a3b2f1d',930,,349,1,,,0,615,,350,1,,,0
96800,'2f16807a52596335736c',850,,351,1,,,0,495,,352,1,,,0,385,,353,1,,,0,190,,471,1,,,0
96800,'31744f7e5638320a2d4c',1230,,355,1,,,0
96800,'705c7f50195b7058446b',930,,358,1,,,0
