96501,'1c2e3625233d01453772',1018,,339,10,0,50 13 14,0,410,,340,10,0,50 13 14,0
96501,'29672110360e7e074d18',629,,207,10,0,50 13 14,0,389,,209,10,0,50 13 14,0,330,,205,9,0,50 13 14,0,80,,210,10,0,50 13 14,0
96501,'2d1c4c71287e667e727d',1218,,188,10,0,50 13 14,0,625,,189,10,0,50 13 14,0
96501,'3c0b47661a465f176d35',753,,200,10,0,50 13 14,0
96501,'3c125f0f5c67554f241b',1538,,197,10,0,50 13 14,0
96501,'4f0277002864772e6462',753,,341,10,0,50 13 14,0
96501,'651e4b362f651d7f6b44',1220,,194,10,0,50 13 14,0,614,,195,18,0,50 13 14,0
96501,'720d6d79682d7f440326',1218,,342,10,0,50 13 14,0,625,,343,10,0,50 13 14,0
96501,'7a7c2673351c18595c18',1538,,344,10,0,50 13 14,0
96501,'7f443a14596255477616',1713,,345,10,0,50 13 14,0
96801,'097348313a7e544e7b2b',1112,,360,18,,,0,230,,361,18,,,0,500,,362,18,,,0
96801,'156e251957736a3b2f1d',1112,,363,14,,,0,720,,364,14,,,0
96801,'1c2e3625233d01453772',629,,366,10,,,0,92,,365,14,,,0,525,,367,14,,,0,400,,368,14,,,0
96801,'46797a584b123d645d77',1832,,371,17,,,0
96801,'6a7a7c02615a40630c07',1832,,374,17,,,0
