96500,'1c2e3625233d01453772',832,,329,4,0,63 13,0,372,,330,4,0,63 13,0,455,,331,4,0,63 13,0,160,,332,4,0,63 13,0
96500,'29672110360e7e074d18',832,,184,4,0,63 13,0,372,,185,4,0,63 13,0,50,,183,4,0,61 62,0,405,,186,4,0,63 13,0,160,,187,4,0,63 13,0
96500,'36776a2762153a14292e',1924,,175,4,0,61 62,0
96500,'3c125f0f5c67554f241b',854,,171,4,0,63 13,0,400,,172,4,0,63 13,0,365,,173,4,0,63 13,0,290,,170,4,0,63 13,0
96500,'651e4b362f651d7f6b44',934,,164,4,0,9 10 11,0,320,,165,4,0,61 62,0
96500,'7362764d7b14611b6604',1924,,159,4,0,54 21 55 56 57,0
96500,'7a7c2673351c18595c18',854,,334,4,0,63 13,0,400,,335,4,0,63 13,0,365,,336,4,0,63 13,0,310,,333,4,0,63 13,0
96500,'7f443a14596255477616',719,,337,4,0,63 13,0,810,,338,4,0,63 13,0
96800,'097348313a7e544e7b2b',809,,346,4,,,0,345,,347,4,,,0,400,,348,4,,,0
96800,'156e251957736a3b2f1d',939,,349,4,,,0,615,,350,4,,,0
96800,'1c2e3625233d01453772',859,,351,4,,,0,495,,352,4,,,0,385,,353,4,,,0,185,,354,4,,,0
96800,'31744f7e5638320a2d4c',1239,,355,4,,,0
96800,'46797a584b123d645d77',939,,356,4,,,0
96800,'6a7a7c02615a40630c07',939,,358,4,,,0
