96200,'0e02675f5b025e807c5b',821,,385,9,0,76 77 78 2 10 11,0,517,,387,9,0,76 77 78 2 10 11,0
96200,'184134507f4517151633',822,,388,9,0,5 42,0,416,,389,8,0,5 42,0,496,,390,9,0,5 42,0
96200,'4161404f6e1d206c551d',821,,391,9,0,76 77 78 2 10 11,0,517,,393,9,0,76 77 78 2 10 11,0
96200,'456526736278083e573b',1846,,394,14,0,5 42,0
96200,'486b294706564a373d04',1846,,395,14,0,5 42,0
96200,'494c103a0c600f5b155d',1246,,396,14,0,5 42,0
96200,'54671a3201207c557567',821,,397,9,0,76 77 78 2 10 11,0,517,,399,9,0,76 77 78 2 10 11,0,395,,400,9,0,5 42,0
96200,'5c3f0c273c5f637c7951',821,,403,9,0,76 77 78 2 10 11,0,517,,402,9,0,76 77 78 2 10 11,0
96200,'79205e122e21020a041d',731,,404,10,0,5 6 7 8,0,1010,,405,14,0,5 42,0
96200,'7c40501f37807a467b28',1733,,406,9,0,5 42,0
96200,'7f25501a30683c20583f',731,,407,10,0,5 6 7 8,0,90,,408,9,0,5 42,0,425,,409,14,0,5 42,0,495,,410,14,0,5 42,0
