96000,'1c2e3625233d01453772',811,,237,2,0,5 42,0,145,,238,2,0,5 42,0,275,,239,2,0,5 42,0,85,,240,2,0,5 42,0,225,,233,2,0,5 42,0,185,,234,2,0,5 42,0,105,,235,2,0,5 42,0,110,,236,2,0,5 42,0
96000,'1f5759673f12020b0a50',1011,,241,2,0,5 42,0
96000,'59737b0d0f044b52693e',701,,243,2,0,5 42,0
96000,'7a7c2673351c18595c18',801,,244,2,0,5 42,0,430,,245,2,0,5 42,0,510,,246,2,0,5 42,0
96000,'7f443a14596255477616',701,,250,2,0,5 6 7 8,0,155,,252,2,0,5 6 7 8,0,765,,247,2,0,5 42,0
96100,'1c2e3625233d01453772',705,,277,1,0,70 13 71,0,45,,278,1,0,70 13 71,0,850,,275,1,0,20 21 22,0,140,,276,1,0,70 13 71,0
96100,'1f5759673f12020b0a50',945,,280,1,0,70 13 71,0,295,,281,1,0,72 73,0,500,,282,1,0,70 13 71,0,90,,283,1,0,72 73,0
96100,'31744f7e5638320a2d4c',1230,,284,2,0,70 13 71,0,5,,286,1,0,72 73,0
96100,'3823594e52252d7f6b14',1545,,287,1,0,70 13 71,0
96100,'456e647057623f581d57',1230,,289,1,0,70 13 71,0,90,,288,1,0,72 73,0
96100,'470c2b026954373b2a2c',1830,,290,1,0,72 73,0
96100,'553d275f1455102c362a',1730,,291,2,0,20 21 22,0,100,,293,2,0,72 73,0
96700,'1c2e3625233d01453772',1215,,441,2,0,12 13 14,0,500,,442,2,0,12 6 15,0,115,,443,2,0,12 13 14,0
