96500,'1e386a27476c5b6e1461',744,,337,19,0,63 13,0,810,,338,19,0,63 13,0
96500,'2f16807a52596335736c',857,,329,19,0,63 13,0,377,,330,19,0,63 13,0,500,,469,19,0,63 13,0,110,,332,19,0,63 13,0
96500,'7a7c2673351c18595c18',919,,334,19,0,63 13,0,400,,335,19,0,63 13,0,325,,336,19,0,63 13,0,310,,333,19,0,63 13,0
96800,'014b63200b157a720f0c',1004,,356,19,,,0,326,,357,1,,,0
96800,'097348313a7e544e7b2b',834,,346,19,,,0,385,,347,19,,,0,400,,348,19,,,0
96800,'156e251957736a3b2f1d',1004,,349,19,,,0,615,,350,19,,,0
96800,'1e386a27476c5b6e1461',737,,450,11,,,0
96800,'2f16807a52596335736c',924,,351,19,,,0,495,,352,19,,,0,385,,353,19,,,0,150,,471,19,,,0
96800,'31744f7e5638320a2d4c',1304,,355,19,,,0
96800,'705c7f50195b7058446b',1004,,358,19,,,0,236,,359,1,,,0
