96100,'0e5131610429337c0530',932,,274,14,0,25 6 26 27,0
96100,'1c2e3625233d01453772',749,,277,15,0,70 13 71,0,85,,278,15,0,70 13 71,0,810,,275,15,0,20 21 22,0,180,,276,15,0,70 13 71,0
96100,'1e10375f42313a246a18',654,,67,15,0,16 14,0,95,,65,15,0,28 29,0,290,,68,15,0,16 14,0,280,,69,15,0,16 14,0,320,,66,15,0,20 30 31,0
96100,'1f5759673f12020b0a50',1029,,280,15,0,70 13 71,0,295,,281,15,0,72 73,0,500,,282,15,0,70 13 71,0,90,,283,15,0,72 73,0
96100,'2173665b1e6d5b0e5d56',654,,61,15,0,16 14,0,385,,62,15,0,16 14,0,280,,63,15,0,16 14,0,490,,64,15,0,16 14,0
96100,'31744f7e5638320a2d4c',1314,,284,16,0,70 13 71,0,5,,286,15,0,72 73,0
96100,'3823594e52252d7f6b14',1629,,287,15,0,70 13 71,0
96100,'456e647057623f581d57',1314,,289,15,0,70 13 71,0,90,,288,15,0,72 73,0
96100,'470c2b026954373b2a2c',1914,,290,15,0,72 73,0
96100,'553d275f1455102c362a',1814,,291,16,0,20 21 22,0,100,,293,16,0,72 73,0
96100,'5a622e2f735638475e4f',1809,,50,15,0,16 14,0,95,,49,15,0,17 18 19,0
96100,'657c421e081b56557239',1429,,47,15,0,16 14,0,230,,48,15,0,16 14,0
