96200,'0e02675f5b025e807c5b',810,,385,6,0,76 77 78 2 10 11,0,517,,387,6,0,76 77 78 2 10 11,0
96200,'184134507f4517151633',810,,388,6,0,5 42,0,417,,389,5,0,5 42,0,495,,390,6,0,5 42,0
96200,'4161404f6e1d206c551d',810,,391,6,0,76 77 78 2 10 11,0,517,,393,6,0,76 77 78 2 10 11,0
96200,'456526736278083e573b',1832,,394,10,0,5 42,0
96200,'486b294706564a373d04',1832,,395,10,0,5 42,0
96200,'494c103a0c600f5b155d',1232,,396,10,0,5 42,0
96200,'54671a3201207c557567',810,,397,6,0,76 77 78 2 10 11,0,517,,399,6,0,76 77 78 2 10 11,0,395,,400,6,0,5 42,0
96200,'5c3f0c273c5f637c7951',810,,403,6,0,76 77 78 2 10 11,0,517,,402,6,0,76 77 78 2 10 11,0
96200,'79205e122e21020a041d',717,,404,6,0,5 6 7 8,0,1010,,405,10,0,5 42,0
96200,'7c40501f37807a467b28',1722,,406,6,0,5 42,0
96200,'7f25501a30683c20583f',717,,407,6,0,5 6 7 8,0,93,,408,6,0,5 42,0,422,,409,10,0,5 42,0,495,,410,10,0,5 42,0
