96501,'1e386a27476c5b6e1461',1723,,345,16,0,50 13 14,0
96501,'1f5759673f12020b0a50',803,,382,16,0,50 13 14,0
96501,'2f16807a52596335736c',803,,341,16,0,50 13 14,0,225,,339,16,0,50 13 14,0,200,,342,16,0,50 13 14,0,210,,340,16,0,50 13 14,0,465,,470,16,0,50 13 14,0
96501,'7a7c2673351c18595c18',1228,,384,16,0,50 13 14,0,320,,344,16,0,50 13 14,0,305,,383,16,0,50 13 14,0
96801,'014b63200b157a720f0c',1842,,371,23,,,0
96801,'097348313a7e544e7b2b',1122,,360,24,,,0,230,,361,24,,,0,500,,362,24,,,0
96801,'156e251957736a3b2f1d',1122,,363,20,,,0,720,,364,20,,,0
96801,'1e7832711c690d2e452a',1714,,473,5,,,0
96801,'2f16807a52596335736c',639,,366,16,,,0,92,,365,20,,,0,525,,367,20,,,0,400,,368,20,,,0
96801,'31744f7e5638320a2d4c',1214,,472,5,,,0
96801,'705c7f50195b7058446b',1842,,374,23,,,0
