96001,'1e386a27476c5b6e1461',657,,273,6,0,43 13 44 75,0
96001,'1e7832711c690d2e452a',1212,,269,3,0,43 13 14,0,410,,265,4,0,43 13 14,0,95,,266,4,0,43 13 14,0,5,,267,4,0,43 13 14,0,105,,268,4,0,43 13 14,0
96001,'1f5759673f12020b0a50',847,,259,3,0,43 13 14,0
96001,'2f16807a52596335736c',652,,254,3,0,43 13 14,0,103,,255,3,0,43 13 14,0,97,,256,3,0,43 13 14,0,275,,257,3,0,43 13 14,0,205,,258,3,0,43 13 14,0,590,,253,3,0,43 13 14,0
96001,'31744f7e5638320a2d4c',1212,,261,4,0,43 13 14,0
96001,'470c2b026954373b2a2c',1622,,262,3,0,43 13 14,0,100,,263,3,0,43 13 14,0,105,,264,3,0,43 13 14,0
96001,'64312f477e1c21625a38',1627,,474,4,0,43 13 14,0
96001,'7a7c2673351c18595c18',1122,,270,3,0,43 13 14,0,325,,271,3,0,43 13 14,0,370,,272,3,0,43 13 14,0
96201,'135f4f1051221c73186b',1257,,412,11,0,50 13 44,0,555,,413,11,0,50 13 44,0
96201,'17341052637b72794d09',1257,,419,11,0,50 13 44,0,555,,420,11,0,50 13 44,0
96201,'184134507f4517151633',848,,414,3,0,50 13 44,0,465,,415,3,0,50 13 44,0,499,,416,3,0,50 13 44,0
96201,'1c6668060e3547483b62',1218,,417,4,0,50 13 44,0
96201,'3c165732776e7051752a',658,,431,3,0,50 13 44,0,145,,432,3,0,50 13 44,0
96201,'456526736278083e573b',1713,,421,4,0,50 13 44,0
96201,'494c103a0c600f5b155d',1218,,423,4,0,50 13 44,0
96201,'54671a3201207c557567',848,,424,3,0,50 13 44,0,409,,426,11,0,50 13 44,0,555,,427,11,0,50 13 44,0
96201,'5c3f0c273c5f637c7951',1257,,428,11,0,50 13 44,0,555,,429,11,0,50 13 44,0
96201,'661a4f71514f6d6d182d',1713,,422,4,0,50 13 44,0
96201,'7c40501f37807a467b28',848,,433,3,0,50 13 44,0
96201,'7f25501a30683c20583f',658,,434,3,0,50 13 44,0,145,,435,3,0,50 13 44,0,510,,436,3,0,50 13 44,0,499,,437,3,0,50 13 44,0
