96000,'1c2e3625233d01453772',842,,237,20,0,5 42,0,185,,238,20,0,5 42,0,275,,239,20,0,5 42,0,45,,240,20,0,5 42,0,265,,233,20,0,5 42,0,145,,234,20,0,5 42,0,145,,235,20,0,5 42,0,110,,236,20,0,5 42,0
96000,'1f5759673f12020b0a50',1042,,241,20,0,5 42,0
96000,'31744f7e5638320a2d4c',1302,,242,17,0,47 48,0
96000,'3a511f30370a721b2433',1042,,1,20,4,,0
96000,'4d5937526b3b473f041c',832,,11,20,4,,0,470,,9,20,4,,0,510,,10,20,0,5 42,0
96000,'59737b0d0f044b52693e',732,,243,20,0,5 42,0
96000,'69181125652d7e4d6a80',732,,4,20,0,5 42,0,109,,19,20,0,5 42,0,180,,20,20,0,5 42,0,281,,12,20,0,5 42,0,45,,13,20,0,5 42,0,260,,14,20,0,5 42,0,45,,15,20,0,5 42,0,105,,16,20,0,5 42,0,145,,17,20,0,5 42,0,110,,18,20,0,5 42,0
96000,'7a7c2673351c18595c18',832,,244,20,0,5 42,0,470,,245,20,0,5 42,0,510,,246,20,0,5 42,0
96000,'7f443a14596255477616',732,,250,20,0,5 6 7 8,0,195,,252,20,0,5 6 7 8,0,725,,247,20,0,5 42,0,150,,248,17,0,5 6 7 8,0,100,,249,17,0,47 48,0
96200,'0e02675f5b025e807c5b',831,,385,13,0,76 77 78 2 10 11,0,219,,386,1,0,76 77 78 2 10 11,0,298,,387,13,0,76 77 78 2 10 11,0
96200,'184134507f4517151633',832,,388,13,0,5 42,0,416,,389,12,0,5 42,0,496,,390,13,0,5 42,0
96200,'3a511f30370a721b2433',1753,,97,12,0,5 42,0
96200,'4161404f6e1d206c551d',831,,391,13,0,76 77 78 2 10 11,0,194,,392,1,0,76 77 78 2 10 11,0,323,,393,13,0,76 77 78 2 10 11,0
96200,'456526736278083e573b',1856,,394,18,0,5 42,0
96200,'486b294706564a373d04',1856,,395,18,0,5 42,0
96200,'494c103a0c600f5b155d',1256,,396,18,0,5 42,0
96200,'4d5937526b3b473f041c',831,,101,13,0,5 42,0,14,,103,1,0,76 77 78 2 10 11,0,205,,104,1,0,76 77 78 2 10 11,0,300,,102,13,0,5 42,0,50,,105,1,0,76 77 78 2 10 11,0
96200,'54671a3201207c557567',831,,397,13,0,76 77 78 2 10 11,0,194,,398,1,0,76 77 78 2 10 11,0,323,,399,13,0,76 77 78 2 10 11,0,395,,400,13,0,5 42,0
96200,'5c3f0c273c5f637c7951',831,,403,13,0,76 77 78 2 10 11,0,219,,401,1,0,76 77 78 2 10 11,0,298,,402,13,0,76 77 78 2 10 11,0
96200,'69181125652d7e4d6a80',831,,107,13,0,5 42,0,14,,109,1,0,76 77 78 2 10 11,0,180,,110,1,0,76 77 78 2 10 11,0,325,,108,13,0,5 42,0,50,,111,1,0,76 77 78 2 10 11,0,356,,106,12,0,5 42,0
96200,'79205e122e21020a041d',741,,404,14,0,5 6 7 8,0,1010,,405,18,0,5 42,0
96200,'7c40501f37807a467b28',1743,,406,13,0,5 42,0
96200,'7f25501a30683c20583f',741,,407,14,0,5 6 7 8,0,90,,408,13,0,5 42,0,425,,409,18,0,5 42,0,495,,410,18,0,5 42,0
