96100,'1c2e3625233d01453772',843,,278,19,0,70 13 71,0
96100,'1f5759673f12020b0a50',1333,,281,19,0,72 73,0,590,,283,19,0,72 73,0
96100,'31744f7e5638320a2d4c',1328,,286,19,0,72 73,0
96100,'39416a4548121b3b4e21',703,,67,19,0,16 14,0,625,,69,19,0,16 14,0
96100,'456e647057623f581d57',1413,,288,19,0,72 73,0
96100,'470c2b026954373b2a2c',1923,,290,19,0,72 73,0
96100,'553d275f1455102c362a',1923,,293,20,0,72 73,0
96100,'5a622e2f735638475e4f',1913,,49,19,0,17 18 19,0
96100,'765554443e157938074f',1438,,47,19,0,16 14,0,270,,48,19,0,16 14,0
96100,'7e6273386a42064a2f0b',703,,61,19,0,16 14,0,625,,63,19,0,16 14,0,490,,64,19,0,16 14,0
