96501,'1c2e3625233d01453772',808,,341,18,0,50 13 14,0,225,,339,18,0,50 13 14,0,200,,342,18,0,50 13 14,0,210,,340,18,0,50 13 14,0,415,,343,18,0,50 13 14,0
96501,'1f5759673f12020b0a50',808,,382,18,0,50 13 14,0
96501,'337b31363e410b5e7355',1553,,197,18,0,50 13 14,0
96501,'534f3f6200296b014523',808,,200,18,0,50 13 14,0
96501,'5858235b60647f474275',644,,207,18,0,50 13 14,0,389,,209,18,0,50 13 14,0,370,,205,17,0,50 13 14,0,40,,210,18,0,50 13 14,0
96501,'5c695617211a647e7d16',1233,,188,18,0,50 13 14,0,625,,189,18,0,50 13 14,0
96501,'651e4b362f651d7f6b44',1231,,194,17,0,50 13 14,0,614,,195,25,0,50 13 14,0
96501,'7a7c2673351c18595c18',1233,,384,18,0,50 13 14,0,320,,344,18,0,50 13 14,0,305,,383,18,0,50 13 14,0
96501,'7f443a14596255477616',1728,,345,18,0,50 13 14,0
96801,'014b63200b157a720f0c',1847,,371,25,,,0
96801,'097348313a7e544e7b2b',1127,,360,26,,,0,230,,361,26,,,0,500,,362,26,,,0
96801,'156e251957736a3b2f1d',1127,,363,22,,,0,720,,364,22,,,0
96801,'1c2e3625233d01453772',644,,366,18,,,0,92,,365,22,,,0,565,,367,22,,,0,400,,368,22,,,0
96801,'3b110f002e63067b2820',1847,,374,25,,,0
