96500,'1e386a27476c5b6e1461',745,,337,20,0,63 13,0,810,,338,20,0,63 13,0
96500,'2f16807a52596335736c',858,,329,20,0,63 13,0,377,,330,20,0,63 13,0,500,,469,20,0,63 13,0,110,,332,20,0,63 13,0
96500,'7a7c2673351c18595c18',920,,334,20,0,63 13,0,400,,335,20,0,63 13,0,325,,336,20,0,63 13,0,310,,333,20,0,63 13,0
96800,'014b63200b157a720f0c',1005,,356,20,,,0,326,,357,2,,,0
96800,'097348313a7e544e7b2b',835,,346,20,,,0,385,,347,20,,,0,400,,348,20,,,0
96800,'156e251957736a3b2f1d',1005,,349,20,,,0,615,,350,20,,,0
96800,'1e386a27476c5b6e1461',734,,450,10,,,0
96800,'2f16807a52596335736c',925,,351,20,,,0,495,,352,20,,,0,385,,353,20,,,0,150,,471,20,,,0
96800,'31744f7e5638320a2d4c',1305,,355,20,,,0
96800,'705c7f50195b7058446b',1005,,358,20,,,0,236,,359,2,,,0
