96201,'135f4f1051221c73186b',1325,,412,20,0,50 13 44,0,515,,413,20,0,50 13 44,0
96201,'184134507f4517151633',916,,414,12,0,50 13 44,0,425,,415,12,0,50 13 44,0,499,,416,12,0,50 13 44,0
96201,'1c6668060e3547483b62',1246,,417,13,0,50 13 44,0
96201,'3a511f30370a721b2433',916,,114,12,0,50 13 44,0
96201,'4161404f6e1d206c551d',1325,,419,20,0,50 13 44,0,515,,420,20,0,50 13 44,0
96201,'456526736278083e573b',1741,,421,13,0,50 13 44,0
96201,'486b294706564a373d04',1741,,422,13,0,50 13 44,0
96201,'494c103a0c600f5b155d',1246,,423,13,0,50 13 44,0
96201,'4d5937526b3b473f041c',1426,,121,12,0,50 13 44,0,415,,120,12,0,50 13 44,0
96201,'54671a3201207c557567',916,,424,12,0,50 13 44,0,409,,426,20,0,50 13 44,0,515,,427,20,0,50 13 44,0
96201,'5c3f0c273c5f637c7951',1325,,428,20,0,50 13 44,0,515,,429,20,0,50 13 44,0
96201,'69181125652d7e4d6a80',916,,117,12,0,50 13 44,0,510,,126,12,0,50 13 44,0,415,,125,12,0,50 13 44,0
96201,'79205e122e21020a041d',731,,431,14,0,50 13 44,0,100,,432,12,0,50 13 44,0
96201,'7c40501f37807a467b28',916,,433,12,0,50 13 44,0
96201,'7f25501a30683c20583f',731,,434,14,0,50 13 44,0,100,,435,12,0,50 13 44,0,510,,436,12,0,50 13 44,0,499,,437,12,0,50 13 44,0
