96100,'0e5131610429337c0530',933,,274,15,0,25 6 26 27,0
96100,'1c2e3625233d01453772',750,,277,16,0,70 13 71,0,85,,278,16,0,70 13 71,0,810,,275,16,0,20 21 22,0,180,,276,16,0,70 13 71,0
96100,'1e10375f42313a246a18',655,,67,16,0,16 14,0,95,,65,16,0,28 29,0,290,,68,16,0,16 14,0,280,,69,16,0,16 14,0,320,,66,16,0,20 30 31,0
96100,'1f5759673f12020b0a50',1030,,280,16,0,70 13 71,0,295,,281,16,0,72 73,0,500,,282,16,0,70 13 71,0,90,,283,16,0,72 73,0
96100,'2173665b1e6d5b0e5d56',655,,61,16,0,16 14,0,385,,62,16,0,16 14,0,280,,63,16,0,16 14,0,490,,64,16,0,16 14,0
96100,'31744f7e5638320a2d4c',1315,,284,17,0,70 13 71,0,5,,286,16,0,72 73,0
96100,'3823594e52252d7f6b14',1630,,287,16,0,70 13 71,0
96100,'456e647057623f581d57',1315,,289,16,0,70 13 71,0,90,,288,16,0,72 73,0
96100,'470c2b026954373b2a2c',1915,,290,16,0,72 73,0
96100,'553d275f1455102c362a',1815,,291,17,0,20 21 22,0,100,,293,17,0,72 73,0
96100,'5a622e2f735638475e4f',1810,,50,16,0,16 14,0,95,,49,16,0,17 18 19,0
96100,'657c421e081b56557239',1430,,47,16,0,16 14,0,270,,48,16,0,16 14,0
