96000,'147a57122571213a324f',727,,4,18,0,5 42,0
96000,'1c2e3625233d01453772',837,,237,18,0,5 42,0,185,,238,18,0,5 42,0,235,,239,18,0,5 42,0,85,,240,18,0,5 42,0,265,,233,18,0,5 42,0,145,,234,18,0,5 42,0,105,,235,18,0,5 42,0,150,,236,18,0,5 42,0
96000,'1f5759673f12020b0a50',1037,,241,18,0,5 42,0
96000,'2950393c27405f00087a',827,,11,18,0,5 41 13 14,0,430,,9,18,0,5 41 13 14,0,550,,10,18,0,5 42,0
96000,'31744f7e5638320a2d4c',1257,,242,15,0,47 48,0
96000,'471c0c66524f66645466',1037,,1,18,0,5 41 13 14,0
96000,'59737b0d0f044b52693e',727,,243,18,0,5 42,0
96000,'6d483b2837411e672469',837,,19,18,0,5 42,0,182,,20,18,0,5 42,0,238,,12,18,0,5 42,0,84,,13,18,0,5 42,0,262,,14,18,0,5 42,0,44,,15,18,0,5 42,0,105,,16,18,0,5 42,0,105,,17,18,0,5 42,0,150,,18,18,0,5 42,0
96000,'7a7c2673351c18595c18',827,,244,18,0,5 42,0,430,,245,18,0,5 42,0,550,,246,18,0,5 42,0
96000,'7f443a14596255477616',727,,250,18,0,5 6 7 8,0,195,,252,18,0,5 6 7 8,0,725,,247,18,0,5 42,0,110,,248,15,0,5 6 7 8,0,100,,249,15,0,47 48,0
