96100,'0e5131610429337c0530',900,,274,8,0,25 6 26 27,0
96100,'17675d5630562f244640',1416,,47,10,0,16 14,0,230,,48,10,0,16 14,0
96100,'1c2e3625233d01453772',736,,277,10,0,70 13 71,0,85,,278,10,0,70 13 71,0,810,,275,10,0,20 21 22,0,180,,276,10,0,70 13 71,0
96100,'1f5759673f12020b0a50',1016,,280,10,0,70 13 71,0,295,,281,10,0,72 73,0,500,,282,10,0,70 13 71,0,90,,283,10,0,72 73,0
96100,'31744f7e5638320a2d4c',1301,,284,11,0,70 13 71,0,5,,285,9,0,32 33,0
96100,'3823594e52252d7f6b14',1616,,287,10,0,70 13 71,0
96100,'456e647057623f581d57',1301,,289,10,0,70 13 71,0,50,,288,10,0,72 73,0
96100,'470c2b026954373b2a2c',1901,,290,10,0,72 73,0
96100,'49363c5c560d0d713513',641,,61,10,0,16 14,0,385,,62,10,0,16 14,0,280,,63,10,0,16 14,0,450,,64,10,0,16 14,0
96100,'553d275f1455102c362a',1801,,291,11,0,20 21 22,0,55,,292,9,0,32 33,0,45,,293,11,0,72 73,0
96100,'5858235b60647f474275',641,,67,10,0,16 14,0,95,,65,10,0,28 29,0,290,,68,10,0,16 14,0,280,,69,10,0,16 14,0,320,,66,10,0,20 30 31,0
96100,'5a622e2f735638475e4f',1756,,50,10,0,16 14,0,95,,49,10,0,17 18 19,0
96100,'7f443a14596255477616',730,,296,2,0,34 35 36,0
