96000,'1e386a27476c5b6e1461',728,,250,19,0,5 6 7 8,0,195,,252,19,0,5 6 7 8,0,725,,247,19,0,5 42,0,110,,248,16,0,5 6 7 8,0,100,,249,16,0,47 48,0
96000,'1f5759673f12020b0a50',1038,,241,19,0,5 42,0
96000,'2f16807a52596335736c',838,,237,19,0,5 42,0,185,,238,19,0,5 42,0,235,,239,19,0,5 42,0,85,,240,19,0,5 42,0,265,,233,19,0,5 42,0,145,,234,19,0,5 42,0,105,,235,19,0,5 42,0,150,,236,19,0,5 42,0
96000,'31744f7e5638320a2d4c',1258,,242,16,0,47 48,0
96000,'59737b0d0f044b52693e',728,,243,19,0,5 42,0
96000,'7a7c2673351c18595c18',828,,244,19,0,5 42,0,430,,245,19,0,5 42,0,550,,246,19,0,5 42,0
96200,'0e02675f5b025e807c5b',829,,385,12,0,76 77 78 2 10 11,0,517,,387,12,0,76 77 78 2 10 11,0
96200,'17341052637b72794d09',829,,391,12,0,76 77 78 2 10 11,0,517,,393,12,0,76 77 78 2 10 11,0
96200,'184134507f4517151633',830,,388,12,0,5 42,0,416,,389,11,0,5 42,0,496,,390,12,0,5 42,0
96200,'3c165732776e7051752a',739,,404,13,0,5 6 7 8,0,1010,,405,17,0,5 42,0
96200,'456526736278083e573b',1854,,394,17,0,5 42,0
96200,'494c103a0c600f5b155d',1254,,396,17,0,5 42,0
96200,'54671a3201207c557567',829,,397,12,0,76 77 78 2 10 11,0,517,,399,12,0,76 77 78 2 10 11,0,395,,400,12,0,5 42,0
96200,'5c3f0c273c5f637c7951',829,,403,12,0,76 77 78 2 10 11,0,517,,402,12,0,76 77 78 2 10 11,0
96200,'661a4f71514f6d6d182d',1854,,395,17,0,5 42,0
96200,'7c40501f37807a467b28',1741,,406,12,0,5 42,0
96200,'7f25501a30683c20583f',739,,407,13,0,5 6 7 8,0,90,,408,12,0,5 42,0,425,,409,17,0,5 42,0,495,,410,17,0,5 42,0
