96501,'29672110360e7e074d18',941,,208,5,0,61 13 14,0,405,,206,5,0,61 13 14,0
96501,'3c125f0f5c67554f241b',1501,,196,5,0,61 13 14,0
96501,'5a622e2f735638475e4f',716,,190,5,0,61 13 14,0
96501,'651e4b362f651d7f6b44',1131,,193,4,0,61 13 14,0,670,,195,4,0,50 13 14,0
96501,'683440291f350438124f',1806,,204,5,0,61 13 14,0
96501,'6c100f3d1e05612c4233',1141,,192,5,0,61 13 14,0
96801,'097348313a7e544e7b2b',1041,,360,5,,,0,270,,361,5,,,0,500,,362,5,,,0
96801,'156e251957736a3b2f1d',1041,,363,1,,,0,760,,364,1,,,0
96801,'1c2e3625233d01453772',650,,365,1,,,0,565,,367,1,,,0,400,,368,1,,,0
96801,'46797a584b123d645d77',1136,,369,4,,,0,320,,370,4,,,0,345,,371,4,,,0
96801,'6a7a7c02615a40630c07',1136,,372,4,,,0,470,,373,4,4,,0,195,,374,4,,,0
