96500,'1e386a27476c5b6e1461',736,,337,15,0,63 13,0,810,,338,15,0,63 13,0
96500,'2f16807a52596335736c',849,,329,15,0,63 13,0,377,,330,15,0,63 13,0,500,,469,15,0,63 13,0,110,,332,15,0,63 13,0
96500,'7a7c2673351c18595c18',911,,334,15,0,63 13,0,400,,335,15,0,63 13,0,325,,336,15,0,63 13,0,310,,333,15,0,63 13,0
96800,'014b63200b157a720f0c',956,,356,15,,,0
96800,'097348313a7e544e7b2b',826,,346,15,,,0,385,,347,15,,,0,400,,348,15,,,0
96800,'156e251957736a3b2f1d',956,,349,15,,,0,655,,350,15,,,0
96800,'1e386a27476c5b6e1461',743,,450,15,,,0
96800,'2f16807a52596335736c',916,,351,15,,,0,495,,352,15,,,0,345,,353,15,,,0,190,,471,15,,,0
96800,'31744f7e5638320a2d4c',1256,,355,15,,,0
96800,'705c7f50195b7058446b',956,,358,15,,,0
