960,96000,'1e386a27476c5b6e1461',247,248,249,250,251,252,454
960,96000,'1f5759673f12020b0a50',241
960,96000,'2f16807a52596335736c',233,234,235,236,237,238,239,240
960,96000,'31744f7e5638320a2d4c',242
960,96000,'59737b0d0f044b52693e',243
960,96000,'7a7c2673351c18595c18',244,245,246
960,96001,'1e386a27476c5b6e1461',273
960,96001,'1e7832711c690d2e452a',265,266,267,268,269,456,457
960,96001,'1f5759673f12020b0a50',259
960,96001,'2f16807a52596335736c',253,254,255,256,257,258
960,96001,'31744f7e5638320a2d4c',260,261,455
960,96001,'470c2b026954373b2a2c',262,263,264
960,96001,'64312f477e1c21625a38',474
960,96001,'7a7c2673351c18595c18',270,271,272
961,96100,'0e5131610429337c0530',274
961,96100,'1e386a27476c5b6e1461',295,296
961,96100,'1e7832711c690d2e452a',291,292,293
961,96100,'1f5759673f12020b0a50',279,280,281,282,283
961,96100,'2c56623b663e672c651f',288,289
961,96100,'2f16807a52596335736c',275,276,277,278
961,96100,'31744f7e5638320a2d4c',284,285,286
961,96100,'3823594e52252d7f6b14',287
961,96100,'470c2b026954373b2a2c',290
961,96101,'1e386a27476c5b6e1461',315,316,317
961,96101,'1e7832711c690d2e452a',312,313
961,96101,'1f5759673f12020b0a50',379,306,459,308
961,96101,'2f16807a52596335736c',375,458,300,301,377,303,378
961,96101,'31744f7e5638320a2d4c',309,310
961,96101,'3823594e52252d7f6b14',381
961,96101,'59737b0d0f044b52693e',297
962,96200,'0e02675f5b025e807c5b',385,386,387
962,96200,'17341052637b72794d09',391,392,393
962,96200,'184134507f4517151633',388,389,390
962,96200,'3c165732776e7051752a',404,405
962,96200,'456526736278083e573b',394
962,96200,'494c103a0c600f5b155d',396
962,96200,'54671a3201207c557567',397,398,399,400
962,96200,'5c3f0c273c5f637c7951',401,402,403
962,96200,'661a4f71514f6d6d182d',395
962,96200,'7c40501f37807a467b28',406
962,96200,'7f25501a30683c20583f',407,408,409,410
962,96201,'135f4f1051221c73186b',411,412,413
962,96201,'17341052637b72794d09',418,419,420
962,96201,'184134507f4517151633',414,415,416
962,96201,'1c6668060e3547483b62',417
962,96201,'3c165732776e7051752a',431,432
962,96201,'456526736278083e573b',421
962,96201,'494c103a0c600f5b155d',423
962,96201,'54671a3201207c557567',424,425,426,427
962,96201,'5c3f0c273c5f637c7951',428,429,430
962,96201,'661a4f71514f6d6d182d',422
962,96201,'7c40501f37807a467b28',433
962,96201,'7f25501a30683c20583f',434,435,436,437
963,96300,'184134507f4517151633',318
963,96300,'1e386a27476c5b6e1461',462,463
963,96300,'1e7832711c690d2e452a',461
963,96300,'2c56623b663e672c651f',136
963,96300,'2f16807a52596335736c',140,141,142,143,144
963,96300,'31744f7e5638320a2d4c',460
963,96300,'7a7c2673351c18595c18',133,134,135
963,96301,'184134507f4517151633',319,320,321
963,96301,'1e386a27476c5b6e1461',466,467,468
963,96301,'2f16807a52596335736c',153,154,155,156,157
963,96301,'31744f7e5638320a2d4c',464
963,96301,'40226b213e336d451027',145,146
963,96301,'71472061383531535e0f',465
963,96301,'7a7c2673351c18595c18',147
965,96500,'1e386a27476c5b6e1461',337,338
965,96500,'2f16807a52596335736c',329,330,469,332
965,96500,'7a7c2673351c18595c18',333,334,335,336
965,96501,'1e386a27476c5b6e1461',345
965,96501,'1f5759673f12020b0a50',382
965,96501,'2f16807a52596335736c',341,339,342,340,470
965,96501,'7a7c2673351c18595c18',383,344,384
966,96600,'2f16807a52596335736c',211,212,213,214,215
966,96601,'2f16807a52596335736c',216,217,218,219,220
967,96700,'2f16807a52596335736c',438,439,440,441,442,443
967,96701,'2f16807a52596335736c',444,445,446,447,448,449
968,96800,'014b63200b157a720f0c',356,357
968,96800,'097348313a7e544e7b2b',346,347,348
968,96800,'156e251957736a3b2f1d',349,350
968,96800,'1e386a27476c5b6e1461',450
968,96800,'2f16807a52596335736c',351,352,353,471
968,96800,'31744f7e5638320a2d4c',355
968,96800,'705c7f50195b7058446b',358,359
968,96801,'014b63200b157a720f0c',369,370,371
968,96801,'097348313a7e544e7b2b',360,361,362
968,96801,'156e251957736a3b2f1d',363,364
968,96801,'1e7832711c690d2e452a',473,453
968,96801,'2f16807a52596335736c',365,366,367,368
968,96801,'31744f7e5638320a2d4c',472
968,96801,'705c7f50195b7058446b',372,373,374
