96001,'69181125652d7e4d6a80',731,,40,21,0,43 13 14,0
96101,'0e5e214f6d46334e2c44',240,,78,19,4,,0
96101,'136e6b484c454e417465',1514,,73,30,4,,0,500,,72,30,4,,0
96101,'147a69131071702c733c',1434,,71,23,4,,0
96101,'1c2e3625233d01453772',825,,377,29,4,,0,106,,303,17,4,,0,288,,378,28,4,,0,219,,375,31,4,,0,292,,376,29,4,,0,29,,300,22,4,,0,74,,301,23,4,,0
96101,'1f5759673f12020b0a50',825,,379,29,4,,0,407,,306,21,4,,0,498,,380,29,4,,0,29,,308,22,4,,0
96101,'31744f7e5638320a2d4c',1300,,310,11,0,43 13 44 75,0
96101,'3823594e52252d7f6b14',1925,,381,29,4,,0
96101,'3a511f30370a721b2433',844,,88,30,4,,0,372,,89,31,4,,0,298,,90,30,4,,0,530,,87,30,4,,0
96101,'553d275f1455102c362a',1800,,313,11,0,43 13 44 75,0
96101,'59737b0d0f044b52693e',732,,297,21,4,,0
96101,'69181125652d7e4d6a80',737,,74,19,4,,0,107,,92,30,4,,0,97,,96,24,4,,0,275,,93,31,4,,0,298,,94,30,4,,0,321,,95,26,4,,0,209,,91,30,4,,0
96101,'7f443a14596255477616',726,,315,22,0,43 13 44 75,0,6,,317,12,0,43 13 44 75,0
96601,'5a1a4e292a436d472b15',730,,216,11,4,,0,200,,217,11,4,,0,520,,218,11,4,,0,370,,219,11,4,,0,35,,220,11,4,,0
96701,'1c2e3625233d01453772',736,,444,15,0,43 13 14,0
96701,'69181125652d7e4d6a80',736,,227,15,0,43 13 14,0
