96501,'1c2e3625233d01453772',750,,341,8,0,50 13 14,0,265,,339,8,0,50 13 14,0,200,,342,8,0,50 13 14,0,210,,340,8,0,50 13 14,0,415,,343,8,0,50 13 14,0
96501,'1f5759673f12020b0a50',750,,382,8,0,50 13 14,0
96501,'7a7c2673351c18595c18',1215,,384,8,0,50 13 14,0,320,,344,8,0,50 13 14,0,305,,383,8,0,50 13 14,0
96501,'7f443a14596255477616',1710,,345,8,0,50 13 14,0
96801,'014b63200b157a720f0c',1829,,371,15,,,0
96801,'097348313a7e544e7b2b',1109,,360,16,,,0,230,,361,16,,,0,500,,362,16,,,0
96801,'156e251957736a3b2f1d',1109,,363,12,,,0,720,,364,12,,,0
96801,'1c2e3625233d01453772',626,,366,8,,,0,92,,365,12,,,0,525,,367,12,,,0,400,,368,12,,,0
96801,'31744f7e5638320a2d4c',1223,,451,3,,,0
96801,'3b110f002e63067b2820',1829,,374,15,,,0
96801,'553d275f1455102c362a',1723,,452,3,,,0,115,,453,3,,,0
