96001,'1c2e3625233d01453772',650,,254,1,0,43 13 14,0,103,,255,1,0,43 13 14,0,97,,256,1,0,43 13 14,0,275,,257,1,0,43 13 14,0,205,,258,1,0,43 13 14,0,590,,253,1,0,43 13 14,0
96001,'1f5759673f12020b0a50',845,,259,1,0,43 13 14,0
96001,'31744f7e5638320a2d4c',1210,,261,2,0,43 13 14,0
96001,'470c2b026954373b2a2c',1620,,262,1,0,43 13 14,0,100,,263,1,0,43 13 14,0,105,,264,1,0,43 13 14,0
96001,'553d275f1455102c362a',1210,,269,1,0,43 13 14,0,410,,265,2,0,43 13 14,0,95,,266,2,0,43 13 14,0,5,,267,2,0,43 13 14,0,105,,268,2,0,43 13 14,0
96001,'7a7c2673351c18595c18',1120,,270,1,0,43 13 14,0,325,,271,1,0,43 13 14,0,370,,272,1,0,43 13 14,0
96001,'7f443a14596255477616',655,,273,4,0,43 13 44 75,0
96201,'135f4f1051221c73186b',1009,,411,9,0,5 41 13 14,0,245,,412,9,0,50 13 44,0,555,,413,9,0,50 13 44,0
96201,'184134507f4517151633',845,,414,1,0,50 13 44,0,465,,415,1,0,50 13 44,0,499,,416,1,0,50 13 44,0
96201,'1c6668060e3547483b62',1215,,417,2,0,50 13 44,0
96201,'4161404f6e1d206c551d',1009,,418,9,0,5 41 13 14,0,245,,419,9,0,50 13 44,0,555,,420,9,0,50 13 44,0
96201,'456526736278083e573b',1710,,421,2,0,50 13 44,0
96201,'486b294706564a373d04',1710,,422,2,0,50 13 44,0
96201,'494c103a0c600f5b155d',1215,,423,2,0,50 13 44,0
96201,'54671a3201207c557567',845,,424,1,0,50 13 44,0,164,,425,9,0,5 41 13 14,0,245,,426,9,0,50 13 44,0,555,,427,9,0,50 13 44,0
96201,'5c3f0c273c5f637c7951',1009,,430,9,0,5 41 13 14,0,245,,428,9,0,50 13 44,0,555,,429,9,0,50 13 44,0
96201,'79205e122e21020a041d',655,,431,1,0,50 13 44,0,145,,432,1,0,50 13 44,0
96201,'7c40501f37807a467b28',845,,433,1,0,50 13 44,0
96201,'7f25501a30683c20583f',655,,434,1,0,50 13 44,0,145,,435,1,0,50 13 44,0,510,,436,1,0,50 13 44,0,499,,437,1,0,50 13 44,0
