96500,'1e386a27476c5b6e1461',735,,337,14,0,63 13,0,810,,338,14,0,63 13,0
96500,'2f16807a52596335736c',848,,329,14,0,63 13,0,377,,330,14,0,63 13,0,500,,469,14,0,63 13,0,110,,332,14,0,63 13,0
96500,'7a7c2673351c18595c18',910,,334,14,0,63 13,0,400,,335,14,0,63 13,0,325,,336,14,0,63 13,0,310,,333,14,0,63 13,0
96800,'014b63200b157a720f0c',955,,356,14,,,0
96800,'097348313a7e544e7b2b',825,,346,14,,,0,385,,347,14,,,0,400,,348,14,,,0
96800,'156e251957736a3b2f1d',955,,349,14,,,0,655,,350,14,,,0
96800,'1e386a27476c5b6e1461',744,,450,16,,,0
96800,'2f16807a52596335736c',915,,351,14,,,0,495,,352,14,,,0,345,,353,14,,,0,190,,471,14,,,0
96800,'31744f7e5638320a2d4c',1255,,355,14,,,0
96800,'705c7f50195b7058446b',955,,358,14,,,0
