96101,'182e1170551a4b4f4917',1425,,73,15,0,43 21 49,0,500,,72,15,0,43 21 49,0
96101,'184134507f4517151633',643,,297,6,0,43 21 49,0
96101,'1c2e3625233d01453772',739,,324,14,0,43 21 49,0,103,,303,2,0,43 21 49,0,291,,325,13,0,43 21 49,0,219,,322,16,0,43 21 49,0,292,,323,14,0,43 21 49,0,66,,300,7,0,43 21 49,0,34,,301,8,0,43 21 49,0
96101,'1f5759673f12020b0a50',739,,326,14,0,43 21 49,0,404,,306,6,0,43 21 49,0,501,,327,14,0,43 21 49,0,66,,308,7,0,43 21 49,0
96101,'2829557e4e6662246775',755,,92,15,0,43 21 49,0,101,,96,9,0,43 21 49,0,271,,93,16,0,43 21 49,0,298,,94,15,0,43 21 49,0,325,,95,11,0,43 21 49,0,205,,91,15,0,43 21 49,0
96101,'2f3c7a06767471257430',1347,,71,8,0,43 21 49,0
96101,'3823594e52252d7f6b14',1839,,328,14,0,43 21 49,0
96101,'41451b6a44727b403b38',151,,78,4,0,43 21 49,0
96101,'5a622e2f735638475e4f',652,,74,4,0,43 21 49,0
96101,'7e6273386a42064a2f0b',755,,88,15,0,43 21 49,0,372,,89,16,0,43 21 49,0,298,,90,15,0,43 21 49,0,530,,87,15,0,43 21 49,0
96101,'7f443a14596255477616',637,,315,7,0,43 13 44 45 46,0,6,,316,6,0,43 13 44 45 46,0
