96001,'1945390b2d491c3a7464',1627,,46,8,0,43 13 14,0
96001,'1c2e3625233d01453772',702,,254,8,0,43 13 14,0,103,,255,8,0,43 13 14,0,97,,256,8,0,43 13 14,0,235,,257,8,0,43 13 14,0,205,,258,8,0,43 13 14,0,590,,253,8,0,43 13 14,0
96001,'1f5759673f12020b0a50',857,,259,8,0,43 13 14,0
96001,'31744f7e5638320a2d4c',1221,,260,10,0,43 13 14,0,1,,261,9,0,43 13 14,0
96001,'3a511f30370a721b2433',857,,22,8,0,43 13 14,0
96001,'470c2b026954373b2a2c',1632,,262,8,0,43 13 14,0,100,,263,8,0,43 13 14,0,105,,264,8,0,43 13 14,0
96001,'4d5937526b3b473f041c',1132,,36,8,0,43 13 14,0,325,,34,8,0,43 13 14,0,370,,35,8,0,43 13 14,0
96001,'553d275f1455102c362a',1222,,269,8,0,43 13 14,0,408,,265,9,0,43 13 14,0,96,,266,10,0,43 13 14,0,6,,267,9,0,43 13 14,0,103,,268,9,0,43 13 14,0
96001,'69181125652d7e4d6a80',702,,40,8,0,43 13 14,0,103,,41,8,0,43 13 14,0,47,,42,8,0,43 13 14,0,285,,43,8,0,43 13 14,0,85,,23,8,0,43 13 14,0,120,,39,8,0,43 13 14,0,390,,37,8,0,43 13 14,0,105,,38,8,0,43 13 14,0
96001,'7a7c2673351c18595c18',1132,,270,8,0,43 13 14,0,325,,271,8,0,43 13 14,0,370,,272,8,0,43 13 14,0
96001,'7f443a14596255477616',707,,273,11,0,43 13 44 75,0
