96501,'1c2e3625233d01453772',1010,,339,4,0,50 13 14,0,410,,340,4,0,50 13 14,0
96501,'29672110360e7e074d18',621,,207,4,0,50 13 14,0,389,,209,4,0,50 13 14,0,330,,205,3,0,50 13 14,0,80,,210,4,0,50 13 14,0
96501,'2d1c4c71287e667e727d',1210,,188,4,0,50 13 14,0,625,,189,4,0,50 13 14,0
96501,'3c0b47661a465f176d35',745,,200,4,0,50 13 14,0
96501,'3c125f0f5c67554f241b',1530,,197,4,0,50 13 14,0
96501,'4f0277002864772e6462',745,,341,4,0,50 13 14,0
96501,'651e4b362f651d7f6b44',1209,,194,3,0,50 13 14,0,614,,195,11,0,50 13 14,0
96501,'720d6d79682d7f440326',1210,,342,4,0,50 13 14,0,625,,343,4,0,50 13 14,0
96501,'7a7c2673351c18595c18',1530,,344,4,0,50 13 14,0
96501,'7f443a14596255477616',1705,,345,4,0,50 13 14,0
96801,'097348313a7e544e7b2b',1104,,360,12,,,0,230,,361,12,,,0,500,,362,12,,,0
96801,'156e251957736a3b2f1d',1104,,363,8,,,0,720,,364,8,,,0
96801,'1c2e3625233d01453772',621,,366,4,,,0,92,,365,8,,,0,525,,367,8,,,0,400,,368,8,,,0
96801,'46797a584b123d645d77',1824,,371,11,,,0
96801,'6a7a7c02615a40630c07',1824,,374,11,,,0
