96500,'1e386a27476c5b6e1461',740,,337,17,0,63 13,0,810,,338,17,0,63 13,0
96500,'2f16807a52596335736c',853,,329,17,0,63 13,0,377,,330,17,0,63 13,0,500,,469,17,0,63 13,0,110,,332,17,0,63 13,0
96500,'7a7c2673351c18595c18',915,,334,17,0,63 13,0,400,,335,17,0,63 13,0,325,,336,17,0,63 13,0,310,,333,17,0,63 13,0
96800,'014b63200b157a720f0c',1000,,356,17,,,0
96800,'097348313a7e544e7b2b',830,,346,17,,,0,385,,347,17,,,0,400,,348,17,,,0
96800,'156e251957736a3b2f1d',1000,,349,17,,,0,615,,350,17,,,0
96800,'1e386a27476c5b6e1461',740,,450,13,,,0
96800,'2f16807a52596335736c',920,,351,17,,,0,495,,352,17,,,0,385,,353,17,,,0,150,,471,17,,,0
96800,'31744f7e5638320a2d4c',1300,,355,17,,,0
96800,'705c7f50195b7058446b',1000,,358,17,,,0
