96201,'0e083239767c445d570c',908,,114,9,0,50 13 44,0
96201,'135f4f1051221c73186b',1317,,412,17,0,50 13 44,0,515,,413,17,0,50 13 44,0
96201,'153723784e7d3b2b0731',1418,,126,9,0,50 13 44,0
96201,'184134507f4517151633',908,,414,9,0,50 13 44,0,425,,415,9,0,50 13 44,0,499,,416,9,0,50 13 44,0
96201,'1c6668060e3547483b62',1238,,417,10,0,50 13 44,0
96201,'2a08755845643968295b',908,,117,9,0,50 13 44,0
96201,'3a658045251733743778',1418,,121,9,0,50 13 44,0,415,,120,9,0,50 13 44,0
96201,'4161404f6e1d206c551d',1317,,419,17,0,50 13 44,0,515,,420,17,0,50 13 44,0
96201,'456526736278083e573b',1733,,421,10,0,50 13 44,0
96201,'486b294706564a373d04',1733,,422,10,0,50 13 44,0
96201,'494c103a0c600f5b155d',1238,,423,10,0,50 13 44,0
96201,'54671a3201207c557567',908,,424,9,0,50 13 44,0,409,,426,17,0,50 13 44,0,515,,427,17,0,50 13 44,0
96201,'5c3f0c273c5f637c7951',1317,,428,17,0,50 13 44,0,515,,429,17,0,50 13 44,0
96201,'5f39503d7a7a0c366424',1833,,125,9,0,50 13 44,0
96201,'79205e122e21020a041d',723,,431,11,0,50 13 44,0,100,,432,9,0,50 13 44,0
96201,'7c40501f37807a467b28',908,,433,9,0,50 13 44,0
96201,'7f25501a30683c20583f',723,,434,11,0,50 13 44,0,100,,435,9,0,50 13 44,0,510,,436,9,0,50 13 44,0,499,,437,9,0,50 13 44,0
