96101,'184134507f4517151633',718,,297,18,0,43 21 49,0
96101,'1c2e3625233d01453772',814,,324,26,0,43 21 49,0,103,,303,14,0,43 21 49,0,291,,325,25,0,43 21 49,0,219,,322,28,0,43 21 49,0,292,,323,26,0,43 21 49,0,26,,300,19,0,43 21 49,0,74,,301,20,0,43 21 49,0
96101,'1f5759673f12020b0a50',814,,326,26,0,43 21 49,0,404,,306,18,0,43 21 49,0,501,,327,26,0,43 21 49,0,26,,308,19,0,43 21 49,0
96101,'2173665b1e6d5b0e5d56',830,,88,27,0,43 21 49,0,372,,89,28,0,43 21 49,0,298,,90,27,0,43 21 49,0,530,,87,27,0,43 21 49,0
96101,'29672110360e7e074d18',830,,92,27,0,43 21 49,0,97,,96,21,0,43 21 49,0,275,,93,28,0,43 21 49,0,298,,94,27,0,43 21 49,0,321,,95,23,0,43 21 49,0,209,,91,27,0,43 21 49,0
96101,'31744f7e5638320a2d4c',1246,,310,8,0,43 13 44 45 46,0
96101,'3823594e52252d7f6b14',1914,,328,26,0,43 21 49,0
96101,'41451b6a44727b403b38',226,,78,16,0,43 21 49,0
96101,'553d275f1455102c362a',1746,,313,8,0,43 13 44 45 46,0
96101,'5a622e2f735638475e4f',723,,74,16,0,43 21 49,0
96101,'7362764d7b14611b6604',1420,,71,20,0,43 21 49,0
96101,'765554443e157938074f',1500,,73,27,0,43 21 49,0,500,,72,27,0,43 21 49,0
96101,'7f443a14596255477616',712,,315,19,0,43 13 44 45 46,0,6,,317,9,0,43 13 44 45 46,0
