96200,'0e083239767c445d570c',1720,,97,2,0,5 42,0
96200,'153723784e7d3b2b0731',805,,107,3,0,5 42,0,515,,108,3,0,5 42,0
96200,'3a658045251733743778',805,,101,3,0,5 42,0,515,,102,3,0,5 42,0
96200,'5f39503d7a7a0c366424',1712,,106,2,0,5 42,0
96500,'1f08173e422502721547',1920,,175,2,0,61 62,0
96500,'203b315d385732141437',1920,,159,2,0,54 21 55 56 57,0
96500,'391369421867201a7a09',1705,,161,1,0,58 21 59 60,0,30,,162,2,0,54 21 55 56 57,0
96500,'4d493e48287b4a1b1325',828,,184,2,0,63 13,0,372,,185,2,0,63 13,0,50,,183,2,0,61 62,0,405,,186,2,0,63 13,0,160,,187,2,0,63 13,0
96500,'4e506b757c6f3d0e5f30',1235,,177,2,0,54 21 55 56 57,0
96500,'651e4b362f651d7f6b44',930,,164,2,0,9 10 11,0,320,,165,2,0,61 62,0
96500,'726f167a3e2a3e512d3b',715,,180,2,0,63 13,0,800,,181,2,0,63 13,0
96500,'776f621e54624a023862',850,,171,2,0,63 13,0,400,,172,2,0,63 13,0,365,,173,2,0,63 13,0,290,,170,2,0,63 13,0
