96501,'4d5937526b3b473f041c',1506,,196,8,0,61 13 14,0
96501,'554b630955771e7c2224',1136,,193,7,0,61 13 14,0,10,,192,8,0,61 13 14,0,660,,195,7,0,50 13 14,0,5,,204,8,0,61 13 14,0
96501,'69181125652d7e4d6a80',721,,190,8,0,61 13 14,0,225,,208,8,0,61 13 14,0,405,,206,8,0,61 13 14,0
96801,'014b63200b157a720f0c',1141,,369,7,,,0,360,,370,7,,,0,305,,371,7,,,0
96801,'097348313a7e544e7b2b',1046,,360,8,,,0,270,,361,8,,,0,500,,362,8,,,0
96801,'156e251957736a3b2f1d',1046,,363,4,,,0,760,,364,4,,,0
96801,'1c2e3625233d01453772',655,,365,4,,,0,565,,367,4,,,0,400,,368,4,,,0
96801,'31744f7e5638320a2d4c',1246,,451,11,,,0
96801,'3b110f002e63067b2820',1141,,372,7,,,0,665,,374,7,,,0
96801,'553d275f1455102c362a',1746,,452,11,,,0,155,,453,11,,,0
