96201,'0e083239767c445d570c',921,,114,13,0,50 13 44,0
96201,'153723784e7d3b2b0731',1431,,126,13,0,50 13 44,0
96201,'2a08755845643968295b',921,,117,13,0,50 13 44,0
96201,'3a658045251733743778',1431,,121,13,0,50 13 44,0,415,,120,13,0,50 13 44,0
96201,'5f39503d7a7a0c366424',1846,,125,13,0,50 13 44,0
96501,'0c4e655e387b746e3c0c',1313,,199,20,4,,0
96501,'0c557026691052023b1b',654,,207,21,4,,0,389,,209,21,4,,0,370,,205,20,4,,0,40,,210,21,4,,0
96501,'1f3123197b4241051335',818,,200,21,4,,0
96501,'2b6f4025580b7c272e0a',746,,202,25,0,50 40 6 64,0,992,,201,29,4,,0
96501,'320f781e7b6a51410139',1243,,188,21,4,,0,665,,189,21,4,,0
96501,'456315723f060a505f04',1603,,197,21,4,,0
96501,'651e4b362f651d7f6b44',1240,,194,20,4,,0,614,,195,28,4,,0
