96500,'1e386a27476c5b6e1461',738,,337,16,0,63 13,0,810,,338,16,0,63 13,0
96500,'2f16807a52596335736c',851,,329,16,0,63 13,0,377,,330,16,0,63 13,0,500,,469,16,0,63 13,0,110,,332,16,0,63 13,0
96500,'7a7c2673351c18595c18',913,,334,16,0,63 13,0,400,,335,16,0,63 13,0,325,,336,16,0,63 13,0,310,,333,16,0,63 13,0
96800,'014b63200b157a720f0c',958,,356,16,,,0
96800,'097348313a7e544e7b2b',828,,346,16,,,0,385,,347,16,,,0,400,,348,16,,,0
96800,'156e251957736a3b2f1d',958,,349,16,,,0,655,,350,16,,,0
96800,'1e386a27476c5b6e1461',742,,450,14,,,0
96800,'2f16807a52596335736c',918,,351,16,,,0,495,,352,16,,,0,345,,353,16,,,0,190,,471,16,,,0
96800,'31744f7e5638320a2d4c',1258,,355,16,,,0
96800,'705c7f50195b7058446b',958,,358,16,,,0
