96201,'135f4f1051221c73186b',1313,,412,16,0,50 13 44,0,515,,413,16,0,50 13 44,0
96201,'184134507f4517151633',904,,414,8,0,50 13 44,0,425,,415,8,0,50 13 44,0,499,,416,8,0,50 13 44,0
96201,'1c6668060e3547483b62',1234,,417,9,0,50 13 44,0
96201,'4161404f6e1d206c551d',1313,,419,16,0,50 13 44,0,515,,420,16,0,50 13 44,0
96201,'456526736278083e573b',1729,,421,9,0,50 13 44,0
96201,'486b294706564a373d04',1729,,422,9,0,50 13 44,0
96201,'494c103a0c600f5b155d',1234,,423,9,0,50 13 44,0
96201,'54671a3201207c557567',904,,424,8,0,50 13 44,0,409,,426,16,0,50 13 44,0,515,,427,16,0,50 13 44,0
96201,'5c3f0c273c5f637c7951',1313,,428,16,0,50 13 44,0,515,,429,16,0,50 13 44,0
96201,'79205e122e21020a041d',714,,431,8,0,50 13 44,0,105,,432,8,0,50 13 44,0
96201,'7c40501f37807a467b28',904,,433,8,0,50 13 44,0
96201,'7f25501a30683c20583f',714,,434,8,0,50 13 44,0,105,,435,8,0,50 13 44,0,510,,436,8,0,50 13 44,0,499,,437,8,0,50 13 44,0
