96501,'1e386a27476c5b6e1461',1724,,345,17,0,50 13 14,0
96501,'1f5759673f12020b0a50',804,,382,17,0,50 13 14,0
96501,'2f16807a52596335736c',804,,341,17,0,50 13 14,0,225,,339,17,0,50 13 14,0,200,,342,17,0,50 13 14,0,210,,340,17,0,50 13 14,0,465,,470,17,0,50 13 14,0
96501,'7a7c2673351c18595c18',1229,,384,17,0,50 13 14,0,320,,344,17,0,50 13 14,0,305,,383,17,0,50 13 14,0
96801,'014b63200b157a720f0c',1843,,371,24,,,0
96801,'097348313a7e544e7b2b',1123,,360,25,,,0,230,,361,25,,,0,500,,362,25,,,0
96801,'156e251957736a3b2f1d',1123,,363,21,,,0,720,,364,21,,,0
96801,'1e7832711c690d2e452a',1713,,473,4,,,0
96801,'2f16807a52596335736c',640,,366,17,,,0,92,,365,21,,,0,525,,367,21,,,0,400,,368,21,,,0
96801,'31744f7e5638320a2d4c',1213,,472,4,,,0
96801,'705c7f50195b7058446b',1843,,374,24,,,0
