96101,'0e5e214f6d46334e2c44',230,,78,17,0,43 21 49,0
96101,'136e6b484c454e417465',1504,,73,28,0,43 21 49,0,500,,72,28,0,43 21 49,0
96101,'147a69131071702c733c',1424,,71,21,0,43 21 49,0
96101,'1c2e3625233d01453772',815,,377,27,0,43 21 49,0,106,,303,15,0,43 21 49,0,288,,378,26,0,43 21 49,0,219,,375,29,0,43 21 49,0,292,,376,27,0,43 21 49,0,29,,300,20,0,43 21 49,0,74,,301,21,0,43 21 49,0
96101,'1f5759673f12020b0a50',815,,379,27,0,43 21 49,0,407,,306,19,0,43 21 49,0,498,,380,27,0,43 21 49,0,29,,308,20,0,43 21 49,0
96101,'31744f7e5638320a2d4c',1250,,310,9,0,43 13 44 75,0
96101,'3823594e52252d7f6b14',1915,,381,27,0,43 21 49,0
96101,'3a511f30370a721b2433',834,,88,28,0,43 21 49,0,372,,89,29,0,43 21 49,0,298,,90,28,0,43 21 49,0,530,,87,28,0,43 21 49,0
96101,'553d275f1455102c362a',1750,,313,9,0,43 13 44 75,0
96101,'59737b0d0f044b52693e',722,,297,19,0,43 21 49,0
96101,'69181125652d7e4d6a80',727,,74,17,0,43 21 49,0,107,,92,28,0,43 21 49,0,97,,96,22,0,43 21 49,0,275,,93,29,0,43 21 49,0,298,,94,28,0,43 21 49,0,321,,95,24,0,43 21 49,0,209,,91,28,0,43 21 49,0
96101,'7f443a14596255477616',716,,315,20,0,43 13 44 75,0,6,,317,10,0,43 13 44 75,0
