96101,'17675d5630562f244640',1429,,73,16,0,43 21 49,0,500,,72,16,0,43 21 49,0
96101,'1c2e3625233d01453772',740,,377,15,0,43 21 49,0,106,,303,3,0,43 21 49,0,288,,378,14,0,43 21 49,0,219,,375,17,0,43 21 49,0,292,,376,15,0,43 21 49,0,69,,300,8,0,43 21 49,0,34,,301,9,0,43 21 49,0
96101,'1f5759673f12020b0a50',740,,379,15,0,43 21 49,0,407,,306,7,0,43 21 49,0,498,,380,15,0,43 21 49,0,69,,308,8,0,43 21 49,0
96101,'273c50277d006c254d4d',1351,,71,9,0,43 21 49,0
96101,'3823594e52252d7f6b14',1840,,381,15,0,43 21 49,0
96101,'41451b6a44727b403b38',155,,78,5,0,43 21 49,0
96101,'49363c5c560d0d713513',759,,88,16,0,43 21 49,0,372,,89,17,0,43 21 49,0,298,,90,16,0,43 21 49,0,530,,87,16,0,43 21 49,0
96101,'5858235b60647f474275',759,,92,16,0,43 21 49,0,99,,96,10,0,43 21 49,0,273,,93,17,0,43 21 49,0,298,,94,16,0,43 21 49,0,323,,95,12,0,43 21 49,0,207,,91,16,0,43 21 49,0
96101,'59737b0d0f044b52693e',647,,297,7,0,43 21 49,0
96101,'5a622e2f735638475e4f',654,,74,5,0,43 21 49,0
96101,'7f443a14596255477616',641,,315,8,0,43 13 44 75,0,6,,316,7,0,43 13 44 75,0
