96501,'1e386a27476c5b6e1461',1706,,345,5,0,50 13 14,0
96501,'1f5759673f12020b0a50',746,,382,5,0,50 13 14,0
96501,'2f16807a52596335736c',746,,341,5,0,50 13 14,0,265,,339,5,0,50 13 14,0,200,,342,5,0,50 13 14,0,210,,340,5,0,50 13 14,0,425,,470,5,0,50 13 14,0
96501,'7a7c2673351c18595c18',1211,,384,5,0,50 13 14,0,320,,344,5,0,50 13 14,0,305,,383,5,0,50 13 14,0
96801,'014b63200b157a720f0c',1825,,371,12,,,0
96801,'097348313a7e544e7b2b',1105,,360,13,,,0,230,,361,13,,,0,500,,362,13,,,0
96801,'156e251957736a3b2f1d',1105,,363,9,,,0,720,,364,9,,,0
96801,'1e7832711c690d2e452a',1733,,473,16,,,0,110,,453,6,,,0
96801,'2f16807a52596335736c',622,,366,5,,,0,92,,365,9,,,0,525,,367,9,,,0,400,,368,9,,,0
96801,'31744f7e5638320a2d4c',1233,,472,16,,,0
96801,'705c7f50195b7058446b',1825,,374,12,,,0
