96100,'0e5131610429337c0530',849,,274,4,0,25 6 26 27,0
96100,'1c2e3625233d01453772',725,,277,6,0,70 13 71,0,85,,278,6,0,70 13 71,0,810,,275,6,0,20 21 22,0,180,,276,6,0,70 13 71,0
96100,'1e10375f42313a246a18',630,,67,6,0,16 14,0,95,,65,6,0,28 29,0,290,,68,6,0,16 14,0,240,,69,6,0,16 14,0,360,,66,6,0,20 30 31,0
96100,'1f5759673f12020b0a50',1005,,280,6,0,70 13 71,0,295,,281,6,0,72 73,0,500,,282,6,0,70 13 71,0,50,,283,6,0,72 73,0
96100,'2173665b1e6d5b0e5d56',630,,61,6,0,16 14,0,385,,62,6,0,16 14,0,240,,63,6,0,16 14,0,490,,64,6,0,16 14,0
96100,'31744f7e5638320a2d4c',1250,,284,7,0,70 13 71,0,5,,285,5,0,32 33,0
96100,'3823594e52252d7f6b14',1605,,287,6,0,70 13 71,0
96100,'456e647057623f581d57',1250,,289,6,0,70 13 71,0,90,,288,6,0,72 73,0
96100,'470c2b026954373b2a2c',1850,,290,6,0,72 73,0
96100,'553d275f1455102c362a',1750,,291,7,0,20 21 22,0,95,,292,5,0,32 33,0,5,,293,7,0,72 73,0
96100,'5a622e2f735638475e4f',1745,,50,6,0,16 14,0,95,,49,6,0,17 18 19,0
96100,'657c421e081b56557239',1405,,47,6,0,16 14,0,230,,48,6,0,16 14,0
96100,'7f443a14596255477616',721,,296,1,0,34 35 36,0
