96200,'0e02675f5b025e807c5b',813,,385,7,0,76 77 78 2 10 11,0,517,,387,7,0,76 77 78 2 10 11,0
96200,'184134507f4517151633',812,,388,7,0,5 42,0,418,,389,6,0,5 42,0,494,,390,7,0,5 42,0
96200,'4161404f6e1d206c551d',813,,391,7,0,76 77 78 2 10 11,0,517,,393,7,0,76 77 78 2 10 11,0
96200,'456526736278083e573b',1836,,394,12,0,5 42,0
96200,'486b294706564a373d04',1836,,395,12,0,5 42,0
96200,'494c103a0c600f5b155d',1236,,396,12,0,5 42,0
96200,'54671a3201207c557567',813,,397,7,0,76 77 78 2 10 11,0,517,,399,7,0,76 77 78 2 10 11,0,395,,400,7,0,5 42,0
96200,'5c3f0c273c5f637c7951',813,,403,7,0,76 77 78 2 10 11,0,517,,402,7,0,76 77 78 2 10 11,0
96200,'79205e122e21020a041d',721,,404,8,0,5 6 7 8,0,1010,,405,12,0,5 42,0
96200,'7c40501f37807a467b28',1725,,406,7,0,5 42,0
96200,'7f25501a30683c20583f',721,,407,8,0,5 6 7 8,0,92,,408,7,0,5 42,0,423,,409,12,0,5 42,0,495,,410,12,0,5 42,0
