96001,'1c2e3625233d01453772',656,,254,6,0,43 13 14,0,103,,255,6,0,43 13 14,0,97,,256,6,0,43 13 14,0,275,,257,6,0,43 13 14,0,205,,258,6,0,43 13 14,0,590,,253,6,0,43 13 14,0
96001,'1f5759673f12020b0a50',851,,259,6,0,43 13 14,0
96001,'22780d2f1d5a3c733f01',1726,,37,6,0,43 13 14,0,105,,38,6,0,43 13 14,0
96001,'2950393c27405f00087a',1126,,36,6,0,43 13 14,0,325,,34,6,0,43 13 14,0,370,,35,6,0,43 13 14,0
96001,'31744f7e5638320a2d4c',1216,,261,7,0,43 13 14,0
96001,'3d72274f192e402b444c',1216,,23,6,0,43 13 14,0
96001,'470c2b026954373b2a2c',1626,,262,6,0,43 13 14,0,100,,263,6,0,43 13 14,0,105,,264,6,0,43 13 14,0
96001,'471c0c66524f66645466',851,,22,6,0,43 13 14,0
96001,'553d275f1455102c362a',1216,,269,6,0,43 13 14,0,410,,265,7,0,43 13 14,0,95,,266,7,0,43 13 14,0,5,,267,7,0,43 13 14,0,105,,268,7,0,43 13 14,0
96001,'567e0118421c5c34535e',1621,,46,6,0,43 13 14,0
96001,'6d483b2837411e672469',656,,40,6,0,43 13 14,0,102,,41,6,0,43 13 14,0,87,,42,6,0,43 13 14,0,286,,43,6,0,43 13 14,0,205,,39,6,0,43 13 14,0
96001,'7a7c2673351c18595c18',1126,,270,6,0,43 13 14,0,325,,271,6,0,43 13 14,0,370,,272,6,0,43 13 14,0
96001,'7f443a14596255477616',701,,273,9,0,43 13 44 45 46,0
96201,'0e083239767c445d570c',850,,114,4,0,50 13 44,0
96201,'153723784e7d3b2b0731',1400,,126,4,0,50 13 44,0
96201,'2a08755845643968295b',850,,117,4,0,50 13 44,0
96201,'3a658045251733743778',1400,,121,4,0,50 13 44,0,418,,120,4,0,50 13 44,0
96201,'5f39503d7a7a0c366424',1818,,125,4,0,50 13 44,0
