96100,'0e5131610429337c0530',926,,274,12,0,25 6 26 27,0
96100,'136e6b484c454e417465',1425,,47,13,0,16 14,0,230,,48,13,0,16 14,0
96100,'1c2e3625233d01453772',745,,277,13,0,70 13 71,0,85,,278,13,0,70 13 71,0,810,,275,13,0,20 21 22,0,180,,276,13,0,70 13 71,0
96100,'1f5759673f12020b0a50',1025,,280,13,0,70 13 71,0,295,,281,13,0,72 73,0,500,,282,13,0,70 13 71,0,90,,283,13,0,72 73,0
96100,'31744f7e5638320a2d4c',1310,,284,14,0,70 13 71,0,5,,286,13,0,72 73,0
96100,'3823594e52252d7f6b14',1625,,287,13,0,70 13 71,0
96100,'3a511f30370a721b2433',650,,61,13,0,16 14,0,385,,62,13,0,16 14,0,280,,63,13,0,16 14,0,490,,64,13,0,16 14,0
96100,'456e647057623f581d57',1310,,289,13,0,70 13 71,0,90,,288,13,0,72 73,0
96100,'470c2b026954373b2a2c',1910,,290,13,0,72 73,0
96100,'553d275f1455102c362a',1810,,291,14,0,20 21 22,0,100,,293,14,0,72 73,0
96100,'69181125652d7e4d6a80',650,,67,13,0,16 14,0,95,,65,13,0,28 29,0,290,,68,13,0,16 14,0,280,,69,13,0,16 14,0,320,,66,13,0,20 30 31,0,170,,50,13,0,16 14,0,95,,49,13,0,17 18 19,0
