96200,'0e02675f5b025e807c5b',809,,385,5,0,76 77 78 2 10 11,0,517,,387,5,0,76 77 78 2 10 11,0
96200,'0e083239767c445d570c',1727,,97,4,0,5 42,0
96200,'153723784e7d3b2b0731',809,,107,5,0,5 42,0,518,,108,5,0,5 42,0
96200,'184134507f4517151633',808,,388,5,0,5 42,0,418,,389,4,0,5 42,0,494,,390,5,0,5 42,0
96200,'3a658045251733743778',809,,101,5,0,5 42,0,518,,102,5,0,5 42,0
96200,'4161404f6e1d206c551d',809,,391,5,0,76 77 78 2 10 11,0,517,,393,5,0,76 77 78 2 10 11,0
96200,'456526736278083e573b',1828,,394,7,0,5 42,0
96200,'486b294706564a373d04',1828,,395,7,0,5 42,0
96200,'494c103a0c600f5b155d',1228,,396,7,0,5 42,0
96200,'54671a3201207c557567',809,,397,5,0,76 77 78 2 10 11,0,517,,399,5,0,76 77 78 2 10 11,0,395,,400,5,0,5 42,0
96200,'5c3f0c273c5f637c7951',809,,403,5,0,76 77 78 2 10 11,0,517,,402,5,0,76 77 78 2 10 11,0
96200,'5f39503d7a7a0c366424',1728,,106,4,0,5 42,0
96200,'79205e122e21020a041d',715,,404,5,0,5 6 7 8,0,1008,,405,7,0,5 42,0
96200,'7c40501f37807a467b28',1721,,406,5,0,5 42,0
96200,'7f25501a30683c20583f',715,,407,5,0,5 6 7 8,0,94,,408,5,0,5 42,0,419,,409,7,0,5 42,0,495,,410,7,0,5 42,0
