96001,'1c2e3625233d01453772',651,,254,2,0,43 13 14,0,103,,255,2,0,43 13 14,0,97,,256,2,0,43 13 14,0,275,,257,2,0,43 13 14,0,205,,258,2,0,43 13 14,0,590,,253,2,0,43 13 14,0
96001,'1f5759673f12020b0a50',846,,259,2,0,43 13 14,0
96001,'22780d2f1d5a3c733f01',1721,,37,2,0,43 13 14,0,105,,38,2,0,43 13 14,0
96001,'2950393c27405f00087a',1121,,36,2,0,43 13 14,0,325,,34,2,0,43 13 14,0,370,,35,2,0,43 13 14,0
96001,'31744f7e5638320a2d4c',1211,,261,3,0,43 13 14,0
96001,'3d72274f192e402b444c',1211,,23,2,0,43 13 14,0
96001,'470c2b026954373b2a2c',1621,,262,2,0,43 13 14,0,100,,263,2,0,43 13 14,0,105,,264,2,0,43 13 14,0
96001,'471c0c66524f66645466',846,,22,2,0,43 13 14,0
96001,'553d275f1455102c362a',1211,,269,2,0,43 13 14,0,410,,265,3,0,43 13 14,0,95,,266,3,0,43 13 14,0,5,,267,3,0,43 13 14,0,105,,268,3,0,43 13 14,0
96001,'567e0118421c5c34535e',1616,,46,2,0,43 13 14,0
96001,'6d483b2837411e672469',651,,40,2,0,43 13 14,0,103,,41,2,0,43 13 14,0,87,,42,2,0,43 13 14,0,285,,43,2,0,43 13 14,0,205,,39,2,0,43 13 14,0
96001,'7a7c2673351c18595c18',1121,,270,2,0,43 13 14,0,325,,271,2,0,43 13 14,0,370,,272,2,0,43 13 14,0
96001,'7f443a14596255477616',656,,273,5,0,43 13 44 45 46,0
96201,'0e083239767c445d570c',846,,114,2,0,50 13 44,0
96201,'153723784e7d3b2b0731',1010,,127,9,4,,0,245,,128,9,4,,0,101,,126,2,0,50 13 44,0,454,,129,9,4,,0
96201,'2a08755845643968295b',846,,117,2,0,50 13 44,0
96201,'3a658045251733743778',1010,,122,9,4,,0,245,,123,9,4,,0,101,,121,2,0,50 13 44,0,454,,124,9,4,,0,5,,120,2,0,50 13 44,0
96201,'5f39503d7a7a0c366424',1815,,125,2,0,50 13 44,0
