96201,'135f4f1051221c73186b',1342,,412,23,4,,0,515,,413,23,4,,0
96201,'17341052637b72794d09',1342,,419,23,4,,0,510,,420,23,4,,0
96201,'184134507f4517151633',925,,414,14,4,,0,426,,415,14,4,,0,499,,416,14,4,,0
96201,'1c6668060e3547483b62',1256,,417,15,4,,0
96201,'3c165732776e7051752a',758,,431,19,4,,0,83,,432,14,4,,0
96201,'456526736278083e573b',1751,,421,15,4,,0
96201,'494c103a0c600f5b155d',1256,,423,15,4,,0
96201,'54671a3201207c557567',926,,424,14,4,,0,416,,426,23,4,,0,510,,427,23,4,,0
96201,'5c3f0c273c5f637c7951',1342,,428,23,4,,0,515,,429,23,4,,0
96201,'661a4f71514f6d6d182d',1751,,422,15,4,,0
96201,'7c40501f37807a467b28',926,,433,14,4,,0
96201,'7f25501a30683c20583f',758,,434,19,4,,0,83,,435,14,4,,0,510,,436,14,4,,0,501,,437,14,4,,0
96501,'1e386a27476c5b6e1461',1733,,345,20,0,50 13 14,0
96501,'1f5759673f12020b0a50',813,,382,20,0,50 13 14,0
96501,'2f16807a52596335736c',813,,341,20,0,50 13 14,0,225,,339,20,0,50 13 14,0,200,,342,20,0,50 13 14,0,210,,340,20,0,50 13 14,0,465,,470,20,0,50 13 14,0
96501,'7a7c2673351c18595c18',1238,,384,20,0,50 13 14,0,320,,344,20,0,50 13 14,0,345,,383,20,0,50 13 14,0
96801,'014b63200b157a720f0c',1852,,371,27,,,0
96801,'097348313a7e544e7b2b',1132,,360,28,,,0,270,,361,28,,,0,500,,362,28,,,0
96801,'156e251957736a3b2f1d',1132,,363,24,,,0,720,,364,24,,,0
96801,'1e7832711c690d2e452a',1705,,473,1,,,0
96801,'2f16807a52596335736c',649,,366,20,,,0,92,,365,24,,,0,565,,367,24,,,0,400,,368,24,,,0
96801,'31744f7e5638320a2d4c',1205,,472,1,,,0
96801,'705c7f50195b7058446b',1852,,374,27,,,0
