96501,'1c2e3625233d01453772',1021,,339,11,0,50 13 14,0,410,,340,11,0,50 13 14,0
96501,'29672110360e7e074d18',632,,207,11,0,50 13 14,0,389,,209,11,0,50 13 14,0,330,,205,10,0,50 13 14,0,80,,210,11,0,50 13 14,0
96501,'2d1c4c71287e667e727d',1221,,188,11,0,50 13 14,0,625,,189,11,0,50 13 14,0
96501,'3c0b47661a465f176d35',756,,200,11,0,50 13 14,0
96501,'3c125f0f5c67554f241b',1541,,197,11,0,50 13 14,0
96501,'4f0277002864772e6462',756,,341,11,0,50 13 14,0
96501,'651e4b362f651d7f6b44',1218,,194,9,0,50 13 14,0,614,,195,17,0,50 13 14,0
96501,'720d6d79682d7f440326',1221,,342,11,0,50 13 14,0,625,,343,11,0,50 13 14,0
96501,'7a7c2673351c18595c18',1541,,344,11,0,50 13 14,0
96501,'7f443a14596255477616',1716,,345,11,0,50 13 14,0
96801,'097348313a7e544e7b2b',1117,,360,20,,,0,230,,361,20,,,0,500,,362,20,,,0
96801,'156e251957736a3b2f1d',1115,,363,15,,,0,720,,364,15,,,0
96801,'1c2e3625233d01453772',632,,366,11,,,0,92,,365,15,,,0,525,,367,15,,,0,400,,368,15,,,0
96801,'46797a584b123d645d77',1837,,371,19,,,0
96801,'6a7a7c02615a40630c07',1837,,374,19,,,0
