96100,'0e5131610429337c0530',903,,274,9,0,25 6 26 27,0
96100,'1c2e3625233d01453772',739,,277,11,0,70 13 71,0,85,,278,11,0,70 13 71,0,810,,275,11,0,20 21 22,0,180,,276,11,0,70 13 71,0
96100,'1f5759673f12020b0a50',1019,,280,11,0,70 13 71,0,295,,281,11,0,72 73,0,500,,282,11,0,70 13 71,0,90,,283,11,0,72 73,0
96100,'31744f7e5638320a2d4c',1304,,284,12,0,70 13 71,0,5,,286,11,0,72 73,0
96100,'3823594e52252d7f6b14',1619,,287,11,0,70 13 71,0
96100,'456e647057623f581d57',1304,,289,11,0,70 13 71,0,50,,288,11,0,72 73,0
96100,'470c2b026954373b2a2c',1904,,290,11,0,72 73,0
96100,'49363c5c560d0d713513',644,,61,11,0,16 14,0,385,,62,11,0,16 14,0,280,,63,11,0,16 14,0,450,,64,11,0,16 14,0
96100,'553d275f1455102c362a',1804,,291,12,0,20 21 22,0,100,,293,12,0,72 73,0
96100,'5a622e2f735638475e4f',1759,,50,11,0,16 14,0,95,,49,11,0,17 18 19,0
96100,'5f3a5d635165645c1e2c',644,,67,11,0,16 14,0,97,,65,11,0,28 29,0,288,,68,11,0,16 14,0,280,,69,11,0,16 14,0,320,,66,11,0,20 30 31,0
96100,'657c421e081b56557239',1419,,47,11,0,16 14,0,230,,48,11,0,16 14,0
96100,'7f443a14596255477616',735,,296,3,0,34 35 36,0
96101,'1c2e3625233d01453772',751,,377,20,0,43 21 49,0,106,,303,8,0,43 21 49,0,288,,378,19,0,43 21 49,0,259,,375,22,0,43 21 49,0,252,,376,20,0,43 21 49,0,69,,300,13,0,43 21 49,0,34,,301,14,0,43 21 49,0
96101,'1f5759673f12020b0a50',751,,379,20,0,43 21 49,0,407,,306,12,0,43 21 49,0,498,,380,20,0,43 21 49,0,69,,308,13,0,43 21 49,0
96101,'273c50277d006c254d4d',1400,,71,14,0,43 21 49,0
96101,'31744f7e5638320a2d4c',1220,,309,2,0,68 69,0
96101,'3823594e52252d7f6b14',1851,,381,20,0,43 21 49,0
96101,'41451b6a44727b403b38',206,,78,10,0,43 21 49,0
96101,'49363c5c560d0d713513',810,,88,21,0,43 21 49,0,332,,89,22,0,43 21 49,0,298,,90,21,0,43 21 49,0,570,,87,21,0,43 21 49,0
96101,'553d275f1455102c362a',1720,,312,2,0,68 69,0
96101,'59737b0d0f044b52693e',658,,297,12,0,43 21 49,0
96101,'5a622e2f735638475e4f',703,,74,10,0,43 21 49,0
96101,'5f3a5d635165645c1e2c',810,,92,21,0,43 21 49,0,97,,96,15,0,43 21 49,0,235,,93,22,0,43 21 49,0,298,,94,21,0,43 21 49,0,361,,95,17,0,43 21 49,0,209,,91,21,0,43 21 49,0
96101,'657c421e081b56557239',1440,,73,21,0,43 21 49,0,500,,72,21,0,43 21 49,0
96101,'7f443a14596255477616',652,,315,13,0,43 13 44 75,0,6,,317,3,0,43 13 44 75,0
