96200,'0e02675f5b025e807c5b',808,,385,4,0,76 77 78 2 10 11,0,517,,387,4,0,76 77 78 2 10 11,0
96200,'184134507f4517151633',803,,388,3,0,5 42,0,422,,389,3,0,5 42,0,490,,390,3,0,5 42,0
96200,'4161404f6e1d206c551d',808,,391,4,0,76 77 78 2 10 11,0,517,,393,4,0,76 77 78 2 10 11,0
96200,'456526736278083e573b',1823,,394,5,0,5 42,0
96200,'486b294706564a373d04',1823,,395,5,0,5 42,0
96200,'494c103a0c600f5b155d',1223,,396,5,0,5 42,0
96200,'54671a3201207c557567',808,,397,4,0,76 77 78 2 10 11,0,517,,399,4,0,76 77 78 2 10 11,0,395,,400,3,0,5 42,0
96200,'5c3f0c273c5f637c7951',808,,403,4,0,76 77 78 2 10 11,0,517,,402,4,0,76 77 78 2 10 11,0
96200,'79205e122e21020a041d',710,,404,3,0,5 6 7 8,0,1008,,405,5,0,5 42,0
96200,'7c40501f37807a467b28',1720,,406,3,0,5 42,0
96200,'7f25501a30683c20583f',710,,407,3,0,5 6 7 8,0,98,,408,3,0,5 42,0,415,,409,5,0,5 42,0,495,,410,5,0,5 42,0
