96100,'1e7832711c690d2e452a',1940,,293,21,0,72 73,0
96100,'1f5759673f12020b0a50',1020,,279,1,0,74 42,0,330,,281,20,0,72 73,0,590,,283,20,0,72 73,0
96100,'2c56623b663e672c651f',1430,,288,20,0,72 73,0
96100,'2f16807a52596335736c',900,,278,20,0,70 13 71,0
96100,'31744f7e5638320a2d4c',1345,,286,20,0,72 73,0
96100,'470c2b026954373b2a2c',1940,,290,20,0,72 73,0
96101,'1e386a27476c5b6e1461',622,,316,3,0,43 13 44 75,0
96101,'1f5759673f12020b0a50',1122,,306,3,0,43 21 49,0,527,,308,4,0,43 21 49,0
96101,'2f16807a52596335736c',1109,,378,10,0,43 21 49,0,540,,300,4,0,43 21 49,0
96101,'59737b0d0f044b52693e',622,,297,3,0,43 21 49,0
