96501,'1e386a27476c5b6e1461',1732,,345,19,0,50 13 14,0
96501,'1f5759673f12020b0a50',812,,382,19,0,50 13 14,0
96501,'2f16807a52596335736c',812,,341,19,0,50 13 14,0,225,,339,19,0,50 13 14,0,200,,342,19,0,50 13 14,0,210,,340,19,0,50 13 14,0,465,,470,19,0,50 13 14,0
96501,'7a7c2673351c18595c18',1237,,384,19,0,50 13 14,0,320,,344,19,0,50 13 14,0,345,,383,19,0,50 13 14,0
96801,'014b63200b157a720f0c',1851,,371,26,,,0
96801,'097348313a7e544e7b2b',1131,,360,27,,,0,270,,361,27,,,0,500,,362,27,,,0
96801,'156e251957736a3b2f1d',1131,,363,23,,,0,720,,364,23,,,0
96801,'1e7832711c690d2e452a',1706,,473,2,,,0
96801,'2f16807a52596335736c',648,,366,19,,,0,92,,365,23,,,0,565,,367,23,,,0,400,,368,23,,,0
96801,'31744f7e5638320a2d4c',1206,,472,2,,,0
96801,'705c7f50195b7058446b',1851,,374,26,,,0
