96101,'1c2e3625233d01453772',744,,377,17,0,43 21 49,0,106,,303,5,0,43 21 49,0,288,,378,16,0,43 21 49,0,219,,375,19,0,43 21 49,0,292,,376,17,0,43 21 49,0,69,,300,10,0,43 21 49,0,34,,301,11,0,43 21 49,0
96101,'1e10375f42313a246a18',803,,92,18,0,43 21 49,0,98,,96,12,0,43 21 49,0,234,,93,19,0,43 21 49,0,298,,94,18,0,43 21 49,0,322,,95,14,0,43 21 49,0,248,,91,18,0,43 21 49,0
96101,'1f5759673f12020b0a50',744,,379,17,0,43 21 49,0,407,,306,9,0,43 21 49,0,498,,380,17,0,43 21 49,0,69,,308,10,0,43 21 49,0
96101,'2173665b1e6d5b0e5d56',803,,88,18,0,43 21 49,0,332,,89,19,0,43 21 49,0,298,,90,18,0,43 21 49,0,570,,87,18,0,43 21 49,0
96101,'3823594e52252d7f6b14',1844,,381,17,0,43 21 49,0
96101,'41451b6a44727b403b38',159,,78,7,0,43 21 49,0
96101,'59737b0d0f044b52693e',651,,297,9,0,43 21 49,0
96101,'5a622e2f735638475e4f',657,,74,7,0,43 21 49,0
96101,'657c421e081b56557239',1433,,73,18,0,43 21 49,0,500,,72,18,0,43 21 49,0
96101,'7362764d7b14611b6604',1354,,71,11,0,43 21 49,0
96101,'7f443a14596255477616',645,,315,10,0,43 13 44 45 46,0,6,,316,9,0,43 13 44 45 46,0
