96501,'1e386a27476c5b6e1461',1719,,345,13,0,50 13 14,0
96501,'1f5759673f12020b0a50',759,,382,13,0,50 13 14,0
96501,'2f16807a52596335736c',759,,341,13,0,50 13 14,0,265,,339,13,0,50 13 14,0,200,,342,13,0,50 13 14,0,210,,340,13,0,50 13 14,0,425,,470,13,0,50 13 14,0
96501,'7a7c2673351c18595c18',1224,,384,13,0,50 13 14,0,320,,344,13,0,50 13 14,0,305,,383,13,0,50 13 14,0
96801,'014b63200b157a720f0c',1838,,371,20,,,0
96801,'097348313a7e544e7b2b',1118,,360,21,,,0,230,,361,21,,,0,500,,362,21,,,0
96801,'156e251957736a3b2f1d',1118,,363,17,,,0,720,,364,17,,,0
96801,'1e7832711c690d2e452a',1717,,473,8,,,0
96801,'2f16807a52596335736c',635,,366,13,,,0,92,,365,17,,,0,525,,367,17,,,0,400,,368,17,,,0
96801,'31744f7e5638320a2d4c',1217,,472,8,,,0
96801,'705c7f50195b7058446b',1838,,374,20,,,0
