96200,'0e02675f5b025e807c5b',758,,385,2,0,76 77 78 2 10 11,0,557,,387,2,0,76 77 78 2 10 11,0
96200,'4161404f6e1d206c551d',758,,391,2,0,76 77 78 2 10 11,0,557,,393,2,0,76 77 78 2 10 11,0
96200,'4d5937526b3b473f041c',758,,101,2,0,5 42,0,557,,102,2,0,5 42,0
96200,'54671a3201207c557567',758,,397,2,0,76 77 78 2 10 11,0,557,,399,2,0,76 77 78 2 10 11,0
96200,'5c3f0c273c5f637c7951',758,,403,2,0,76 77 78 2 10 11,0,557,,402,2,0,76 77 78 2 10 11,0
96200,'69181125652d7e4d6a80',758,,107,2,0,5 42,0,557,,108,2,0,5 42,0
96201,'135f4f1051221c73186b',1335,,412,22,0,50 13 44,0,515,,413,22,0,50 13 44,0
96201,'4161404f6e1d206c551d',1335,,419,22,0,50 13 44,0,515,,420,22,0,50 13 44,0
96201,'4d5937526b3b473f041c',1436,,121,14,0,50 13 44,0,415,,120,14,0,50 13 44,0
96201,'54671a3201207c557567',1335,,426,22,0,50 13 44,0,515,,427,22,0,50 13 44,0
96201,'5c3f0c273c5f637c7951',1335,,428,22,0,50 13 44,0,515,,429,22,0,50 13 44,0
96201,'69181125652d7e4d6a80',1436,,126,14,0,50 13 44,0,415,,125,14,0,50 13 44,0
