96201,'135f4f1051221c73186b',1304,,412,14,0,50 13 44,0,515,,413,14,0,50 13 44,0
96201,'184134507f4517151633',855,,414,6,0,50 13 44,0,465,,415,6,0,50 13 44,0,499,,416,6,0,50 13 44,0
96201,'1c6668060e3547483b62',1225,,417,7,0,50 13 44,0
96201,'3a511f30370a721b2433',855,,114,6,0,50 13 44,0
96201,'4161404f6e1d206c551d',1304,,419,14,0,50 13 44,0,515,,420,14,0,50 13 44,0
96201,'456526736278083e573b',1720,,421,7,0,50 13 44,0
96201,'486b294706564a373d04',1720,,422,7,0,50 13 44,0
96201,'494c103a0c600f5b155d',1225,,423,7,0,50 13 44,0
96201,'4d5937526b3b473f041c',1405,,121,6,0,50 13 44,0,415,,120,6,0,50 13 44,0
96201,'54671a3201207c557567',855,,424,6,0,50 13 44,0,449,,426,14,0,50 13 44,0,515,,427,14,0,50 13 44,0
96201,'5c3f0c273c5f637c7951',1304,,428,14,0,50 13 44,0,515,,429,14,0,50 13 44,0
96201,'69181125652d7e4d6a80',855,,117,6,0,50 13 44,0,550,,126,6,0,50 13 44,0,415,,125,6,0,50 13 44,0
96201,'79205e122e21020a041d',705,,431,6,0,50 13 44,0,105,,432,6,0,50 13 44,0
96201,'7c40501f37807a467b28',855,,433,6,0,50 13 44,0
96201,'7f25501a30683c20583f',705,,434,6,0,50 13 44,0,105,,435,6,0,50 13 44,0,510,,436,6,0,50 13 44,0,499,,437,6,0,50 13 44,0
