96001,'1945390b2d491c3a7464',1632,,46,10,0,43 13 14,0
96001,'1c2e3625233d01453772',707,,254,10,0,43 13 14,0,103,,255,10,0,43 13 14,0,97,,256,10,0,43 13 14,0,235,,257,10,0,43 13 14,0,205,,258,10,0,43 13 14,0,590,,253,10,0,43 13 14,0
96001,'1f5759673f12020b0a50',902,,259,10,0,43 13 14,0
96001,'31744f7e5638320a2d4c',1227,,261,11,0,43 13 14,0
96001,'3a511f30370a721b2433',902,,22,10,0,43 13 14,0
96001,'470c2b026954373b2a2c',1637,,262,10,0,43 13 14,0,100,,263,10,0,43 13 14,0,105,,264,10,0,43 13 14,0
96001,'4d5937526b3b473f041c',1137,,36,10,0,43 13 14,0,365,,34,10,0,43 13 14,0,330,,35,10,0,43 13 14,0
96001,'553d275f1455102c362a',1227,,269,10,0,43 13 14,0,408,,265,11,0,43 13 14,0,97,,266,13,0,43 13 14,0,5,,267,11,0,43 13 14,0,103,,268,11,0,43 13 14,0
96001,'69181125652d7e4d6a80',707,,40,10,0,43 13 14,0,103,,41,10,0,43 13 14,0,47,,42,10,0,43 13 14,0,285,,43,10,0,43 13 14,0,85,,23,10,0,43 13 14,0,120,,39,10,0,43 13 14,0,390,,37,10,0,43 13 14,0,105,,38,10,0,43 13 14,0
96001,'7a7c2673351c18595c18',1137,,270,10,0,43 13 14,0,365,,271,10,0,43 13 14,0,330,,272,10,0,43 13 14,0
96001,'7f443a14596255477616',712,,273,13,0,43 13 44 75,0
