96101,'0e5e214f6d46334e2c44',200,,78,8,0,43 21 49,0
96101,'136e6b484c454e417465',1434,,73,19,0,43 21 49,0,500,,72,19,0,43 21 49,0
96101,'147a69131071702c733c',1355,,71,12,0,43 21 49,0
96101,'1c2e3625233d01453772',745,,377,18,0,43 21 49,0,106,,303,6,0,43 21 49,0,288,,378,17,0,43 21 49,0,219,,375,20,0,43 21 49,0,292,,376,18,0,43 21 49,0,69,,300,11,0,43 21 49,0,34,,301,12,0,43 21 49,0
96101,'1f5759673f12020b0a50',745,,379,18,0,43 21 49,0,407,,306,10,0,43 21 49,0,498,,380,18,0,43 21 49,0,69,,308,11,0,43 21 49,0
96101,'3823594e52252d7f6b14',1845,,381,18,0,43 21 49,0
96101,'3a511f30370a721b2433',804,,88,19,0,43 21 49,0,332,,89,20,0,43 21 49,0,298,,90,19,0,43 21 49,0,570,,87,19,0,43 21 49,0
96101,'59737b0d0f044b52693e',652,,297,10,0,43 21 49,0
96101,'69181125652d7e4d6a80',658,,74,8,0,43 21 49,0,146,,92,19,0,43 21 49,0,98,,96,13,0,43 21 49,0,234,,93,20,0,43 21 49,0,298,,94,19,0,43 21 49,0,322,,95,15,0,43 21 49,0,248,,91,19,0,43 21 49,0
96101,'7f443a14596255477616',646,,315,11,0,43 13 44 75,0,6,,316,10,0,43 13 44 75,0
