96000,'147a57122571213a324f',725,,4,16,0,5 42,0
96000,'1c2e3625233d01453772',835,,237,16,0,5 42,0,185,,238,16,0,5 42,0,235,,239,16,0,5 42,0,85,,240,16,0,5 42,0,265,,233,16,0,5 42,0,145,,234,16,0,5 42,0,105,,235,16,0,5 42,0,150,,236,16,0,5 42,0
96000,'1f5759673f12020b0a50',1035,,241,16,0,5 42,0
96000,'2950393c27405f00087a',825,,11,16,0,5 41 13 14,0,430,,9,16,0,5 41 13 14,0,550,,10,16,0,5 42,0
96000,'31744f7e5638320a2d4c',1255,,242,13,0,47 48,0
96000,'471c0c66524f66645466',1035,,1,16,0,5 41 13 14,0
96000,'59737b0d0f044b52693e',725,,243,16,0,5 42,0
96000,'6d483b2837411e672469',835,,19,16,0,5 42,0,181,,20,16,0,5 42,0,239,,12,16,0,5 42,0,84,,13,16,0,5 42,0,262,,14,16,0,5 42,0,44,,15,16,0,5 42,0,105,,16,16,0,5 42,0,105,,17,16,0,5 42,0,150,,18,16,0,5 42,0
96000,'7a7c2673351c18595c18',825,,244,16,0,5 42,0,430,,245,16,0,5 42,0,550,,246,16,0,5 42,0
96000,'7f443a14596255477616',725,,250,16,0,5 6 7 8,0,195,,252,16,0,5 6 7 8,0,725,,247,16,0,5 42,0,110,,248,13,0,5 6 7 8,0,100,,249,13,0,47 48,0
96200,'0e02675f5b025e807c5b',827,,385,11,0,76 77 78 2 10 11,0,517,,387,11,0,76 77 78 2 10 11,0
96200,'0e083239767c445d570c',1749,,97,10,0,5 42,0
96200,'153723784e7d3b2b0731',827,,107,11,0,5 42,0,519,,108,11,0,5 42,0
96200,'184134507f4517151633',828,,388,11,0,5 42,0,416,,389,10,0,5 42,0,496,,390,11,0,5 42,0
96200,'3a658045251733743778',827,,101,11,0,5 42,0,519,,102,11,0,5 42,0
96200,'4161404f6e1d206c551d',827,,391,11,0,76 77 78 2 10 11,0,517,,393,11,0,76 77 78 2 10 11,0
96200,'456526736278083e573b',1852,,394,16,0,5 42,0
96200,'486b294706564a373d04',1852,,395,16,0,5 42,0
96200,'494c103a0c600f5b155d',1252,,396,16,0,5 42,0
96200,'54671a3201207c557567',827,,397,11,0,76 77 78 2 10 11,0,517,,399,11,0,76 77 78 2 10 11,0,395,,400,11,0,5 42,0
96200,'5c3f0c273c5f637c7951',827,,403,11,0,76 77 78 2 10 11,0,517,,402,11,0,76 77 78 2 10 11,0
96200,'5f39503d7a7a0c366424',1752,,106,10,0,5 42,0
96200,'79205e122e21020a041d',737,,404,12,0,5 6 7 8,0,1010,,405,16,0,5 42,0
96200,'7c40501f37807a467b28',1739,,406,11,0,5 42,0
96200,'7f25501a30683c20583f',737,,407,12,0,5 6 7 8,0,90,,408,11,0,5 42,0,425,,409,16,0,5 42,0,495,,410,16,0,5 42,0
