96200,'0e02675f5b025e807c5b',818,,385,8,0,76 77 78 2 10 11,0,517,,387,8,0,76 77 78 2 10 11,0
96200,'184134507f4517151633',817,,388,8,0,5 42,0,418,,389,7,0,5 42,0,494,,390,8,0,5 42,0
96200,'4161404f6e1d206c551d',818,,391,8,0,76 77 78 2 10 11,0,517,,393,8,0,76 77 78 2 10 11,0
96200,'456526736278083e573b',1841,,394,13,0,5 42,0
96200,'486b294706564a373d04',1841,,395,13,0,5 42,0
96200,'494c103a0c600f5b155d',1241,,396,13,0,5 42,0
96200,'54671a3201207c557567',818,,397,8,0,76 77 78 2 10 11,0,517,,399,8,0,76 77 78 2 10 11,0,395,,400,8,0,5 42,0
96200,'5c3f0c273c5f637c7951',818,,403,8,0,76 77 78 2 10 11,0,517,,402,8,0,76 77 78 2 10 11,0
96200,'79205e122e21020a041d',726,,404,9,0,5 6 7 8,0,1010,,405,13,0,5 42,0
96200,'7c40501f37807a467b28',1730,,406,8,0,5 42,0
96200,'7f25501a30683c20583f',726,,407,9,0,5 6 7 8,0,92,,408,8,0,5 42,0,423,,409,13,0,5 42,0,495,,410,13,0,5 42,0
