96501,'1c2e3625233d01453772',748,,341,6,0,50 13 14,0,265,,339,6,0,50 13 14,0,200,,342,6,0,50 13 14,0,210,,340,6,0,50 13 14,0,415,,343,6,0,50 13 14,0
96501,'1f5759673f12020b0a50',748,,382,6,0,50 13 14,0
96501,'291e1d104d1a1f5a2d2a',1213,,188,6,0,50 13 14,0,625,,189,6,0,50 13 14,0
96501,'3d657754244e040d6c47',1533,,197,6,0,50 13 14,0
96501,'5e7c480b705d7d2d5e1b',748,,200,6,0,50 13 14,0
96501,'5f3a5d635165645c1e2c',624,,207,6,0,50 13 14,0,389,,209,6,0,50 13 14,0,330,,205,5,0,50 13 14,0,80,,210,6,0,50 13 14,0
96501,'651e4b362f651d7f6b44',1212,,194,5,0,50 13 14,0,614,,195,13,0,50 13 14,0
96501,'7a7c2673351c18595c18',1213,,384,6,0,50 13 14,0,320,,344,6,0,50 13 14,0,305,,383,6,0,50 13 14,0
96501,'7f443a14596255477616',1708,,345,6,0,50 13 14,0
96801,'014b63200b157a720f0c',1827,,371,13,,,0
96801,'097348313a7e544e7b2b',1107,,360,14,,,0,230,,361,14,,,0,500,,362,14,,,0
96801,'156e251957736a3b2f1d',1107,,363,10,,,0,720,,364,10,,,0
96801,'1c2e3625233d01453772',624,,366,6,,,0,92,,365,10,,,0,525,,367,10,,,0,400,,368,10,,,0
96801,'3b110f002e63067b2820',1827,,374,13,,,0
