96200,'184134507f4517151633',806,,388,4,0,5 42,0,912,,390,4,0,5 42,0
96200,'3c165732776e7051752a',713,,404,4,0,5 6 7 8,0,1008,,405,6,0,5 42,0
96200,'456526736278083e573b',1826,,394,6,0,5 42,0
96200,'494c103a0c600f5b155d',1226,,396,6,0,5 42,0
96200,'54671a3201207c557567',1720,,400,4,0,5 42,0
96200,'661a4f71514f6d6d182d',1826,,395,6,0,5 42,0
96200,'7c40501f37807a467b28',1720,,406,4,0,5 42,0
96200,'7f25501a30683c20583f',713,,407,4,0,5 6 7 8,0,95,,408,4,0,5 42,0,418,,409,6,0,5 42,0,495,,410,6,0,5 42,0
96201,'135f4f1051221c73186b',1322,,412,19,0,50 13 44,0,515,,413,19,0,50 13 44,0
96201,'17341052637b72794d09',1322,,419,19,0,50 13 44,0,515,,420,19,0,50 13 44,0
96201,'184134507f4517151633',913,,414,11,0,50 13 44,0,425,,415,11,0,50 13 44,0,499,,416,11,0,50 13 44,0
96201,'1c6668060e3547483b62',1243,,417,12,0,50 13 44,0
96201,'3c165732776e7051752a',728,,431,13,0,50 13 44,0,100,,432,11,0,50 13 44,0
96201,'456526736278083e573b',1738,,421,12,0,50 13 44,0
96201,'494c103a0c600f5b155d',1243,,423,12,0,50 13 44,0
96201,'54671a3201207c557567',913,,424,11,0,50 13 44,0,409,,426,19,0,50 13 44,0,515,,427,19,0,50 13 44,0
96201,'5c3f0c273c5f637c7951',1322,,428,19,0,50 13 44,0,515,,429,19,0,50 13 44,0
96201,'661a4f71514f6d6d182d',1738,,422,12,0,50 13 44,0
96201,'7c40501f37807a467b28',913,,433,11,0,50 13 44,0
96201,'7f25501a30683c20583f',728,,434,13,0,50 13 44,0,100,,435,11,0,50 13 44,0,510,,436,11,0,50 13 44,0,499,,437,11,0,50 13 44,0
