96501,'1c2e3625233d01453772',1025,,339,14,0,50 13 14,0,410,,340,14,0,50 13 14,0
96501,'29672110360e7e074d18',636,,207,14,0,50 13 14,0,389,,209,14,0,50 13 14,0,330,,205,13,0,50 13 14,0,80,,210,14,0,50 13 14,0
96501,'2d1c4c71287e667e727d',1225,,188,14,0,50 13 14,0,625,,189,14,0,50 13 14,0
96501,'3c0b47661a465f176d35',800,,200,14,0,50 13 14,0
96501,'3c125f0f5c67554f241b',1545,,197,14,0,50 13 14,0
96501,'4f0277002864772e6462',800,,341,14,0,50 13 14,0
96501,'651e4b362f651d7f6b44',1224,,194,13,0,50 13 14,0,614,,195,21,0,50 13 14,0
96501,'720d6d79682d7f440326',1225,,342,14,0,50 13 14,0,625,,343,14,0,50 13 14,0
96501,'7a7c2673351c18595c18',1545,,344,14,0,50 13 14,0
96501,'7f443a14596255477616',1720,,345,14,0,50 13 14,0
96801,'097348313a7e544e7b2b',1119,,360,22,,,0,230,,361,22,,,0,500,,362,22,,,0
96801,'156e251957736a3b2f1d',1119,,363,18,,,0,720,,364,18,,,0
96801,'1c2e3625233d01453772',636,,366,14,,,0,92,,365,18,,,0,525,,367,18,,,0,400,,368,18,,,0
96801,'46797a584b123d645d77',1839,,371,21,,,0
96801,'6a7a7c02615a40630c07',1839,,374,21,,,0
