96001,'1c2e3625233d01453772',735,,254,22,4,,0,103,,255,21,4,,0,97,,256,21,4,,0,275,,257,21,4,,0,205,,258,21,4,,0,588,,253,21,4,,0
96001,'1f5759673f12020b0a50',930,,259,21,4,,0
96001,'31744f7e5638320a2d4c',1255,,261,22,4,,0
96001,'470c2b026954373b2a2c',1705,,262,21,4,,0,100,,263,21,4,,0,105,,264,21,4,,0
96001,'553d275f1455102c362a',1255,,269,21,4,,0,450,,265,22,4,,0,95,,266,24,4,,0,5,,267,22,4,,0,103,,268,22,4,,0
96001,'7a7c2673351c18595c18',1205,,270,21,4,,0,325,,271,21,4,,0,370,,272,21,4,,0
96101,'1c2e3625233d01453772',820,,377,28,0,43 21 49,0,106,,303,16,0,43 21 49,0,288,,378,27,0,43 21 49,0,219,,375,30,0,43 21 49,0,302,,458,28,0,43 21 49,0,19,,300,21,0,43 21 49,0,74,,301,22,0,43 21 49,0
96101,'1f5759673f12020b0a50',820,,379,28,0,43 21 49,0,407,,306,20,0,43 21 49,0,508,,459,28,0,43 21 49,0,19,,308,21,0,43 21 49,0
96101,'31744f7e5638320a2d4c',1255,,310,10,0,43 13 44 75,0
96101,'3823594e52252d7f6b14',1920,,381,28,0,43 21 49,0
96101,'553d275f1455102c362a',1755,,313,10,0,43 13 44 75,0
96101,'59737b0d0f044b52693e',727,,297,20,0,43 21 49,0
96101,'7f443a14596255477616',721,,315,21,0,43 13 44 75,0,6,,317,11,0,43 13 44 75,0
96601,'1c2e3625233d01453772',725,,216,10,0,43 21 49,0,200,,217,10,0,43 21 49,0,520,,218,10,0,43 21 49,0,370,,219,10,0,43 21 49,0,35,,220,10,0,43 21 49,0
96701,'1c2e3625233d01453772',741,,444,16,4,,0,104,,445,16,4,,0,356,,446,14,4,,0,624,,448,21,4,,0
