96500,'1e386a27476c5b6e1461',741,,337,18,0,63 13,0,810,,338,18,0,63 13,0
96500,'2f16807a52596335736c',854,,329,18,0,63 13,0,377,,330,18,0,63 13,0,500,,469,18,0,63 13,0,110,,332,18,0,63 13,0
96500,'7a7c2673351c18595c18',916,,334,18,0,63 13,0,400,,335,18,0,63 13,0,325,,336,18,0,63 13,0,310,,333,18,0,63 13,0
96800,'014b63200b157a720f0c',1001,,356,18,,,0
96800,'097348313a7e544e7b2b',831,,346,18,,,0,385,,347,18,,,0,400,,348,18,,,0
96800,'156e251957736a3b2f1d',1001,,349,18,,,0,615,,350,18,,,0
96800,'1e386a27476c5b6e1461',739,,450,12,,,0
96800,'2f16807a52596335736c',921,,351,18,,,0,495,,352,18,,,0,385,,353,18,,,0,150,,471,18,,,0
96800,'31744f7e5638320a2d4c',1301,,355,18,,,0
96800,'705c7f50195b7058446b',1001,,358,18,,,0
