96200,'0e02675f5b025e807c5b',852,,385,19,0,76 77 78 2 10 11,0,259,,386,7,0,76 77 78 2 10 11,0,298,,387,19,0,76 77 78 2 10 11,0
96200,'153723784e7d3b2b0731',905,,109,6,0,76 77 78 2 10 11,0,140,,110,6,0,76 77 78 2 10 11,0,375,,111,6,0,76 77 78 2 10 11,0
96200,'3a658045251733743778',905,,103,6,0,76 77 78 2 10 11,0,205,,104,6,0,76 77 78 2 10 11,0,310,,105,6,0,76 77 78 2 10 11,0
96200,'4161404f6e1d206c551d',852,,391,19,0,76 77 78 2 10 11,0,194,,392,7,0,76 77 78 2 10 11,0,363,,393,19,0,76 77 78 2 10 11,0
96200,'54671a3201207c557567',852,,397,19,0,76 77 78 2 10 11,0,194,,398,7,0,76 77 78 2 10 11,0,363,,399,19,0,76 77 78 2 10 11,0
96200,'5c3f0c273c5f637c7951',852,,403,19,0,76 77 78 2 10 11,0,259,,401,7,0,76 77 78 2 10 11,0,298,,402,19,0,76 77 78 2 10 11,0
96201,'135f4f1051221c73186b',950,,411,5,0,5 41 13 14,0,285,,412,5,0,50 13 44,0,515,,413,5,0,50 13 44,0
96201,'153723784e7d3b2b0731',950,,127,4,0,5 41 13 14,0,285,,128,4,0,5 41 13 14,0,515,,129,4,0,5 41 13 14,0
96201,'3a658045251733743778',950,,122,4,0,5 41 13 14,0,285,,123,4,0,5 41 13 14,0,515,,124,4,0,5 41 13 14,0
96201,'4161404f6e1d206c551d',950,,418,5,0,5 41 13 14,0,285,,419,5,0,50 13 44,0,515,,420,5,0,50 13 44,0
96201,'54671a3201207c557567',950,,425,5,0,5 41 13 14,0,285,,426,5,0,50 13 44,0,515,,427,5,0,50 13 44,0
96201,'5c3f0c273c5f637c7951',950,,430,5,0,5 41 13 14,0,285,,428,5,0,50 13 44,0,515,,429,5,0,50 13 44,0
