96500,'1e386a27476c5b6e1461',732,,337,12,0,63 13,0,810,,338,12,0,63 13,0
96500,'2f16807a52596335736c',845,,329,12,0,63 13,0,377,,330,12,0,63 13,0,500,,469,12,0,63 13,0,110,,332,12,0,63 13,0
96500,'7a7c2673351c18595c18',907,,334,12,0,63 13,0,400,,335,12,0,63 13,0,325,,336,12,0,63 13,0,310,,333,12,0,63 13,0
96800,'014b63200b157a720f0c',952,,356,12,,,0
96800,'097348313a7e544e7b2b',822,,346,12,,,0,385,,347,12,,,0,400,,348,12,,,0
96800,'156e251957736a3b2f1d',952,,349,12,,,0,655,,350,12,,,0
96800,'1e386a27476c5b6e1461',747,,450,18,4,,0
96800,'2f16807a52596335736c',912,,351,12,,,0,495,,352,12,,,0,345,,353,12,,,0,190,,471,12,,,0
96800,'31744f7e5638320a2d4c',1252,,355,12,,,0
96800,'705c7f50195b7058446b',952,,358,12,,,0
