96000,'1c2e3625233d01453772',800,,237,1,0,5 42,0,145,,238,1,0,5 42,0,275,,239,1,0,5 42,0,85,,240,1,0,5 42,0,225,,233,1,0,5 42,0,185,,234,1,0,5 42,0,105,,235,1,0,5 42,0,110,,236,1,0,5 42,0
96000,'1f5759673f12020b0a50',1000,,241,1,0,5 42,0
96000,'59737b0d0f044b52693e',650,,243,1,0,5 42,0
96000,'7a7c2673351c18595c18',750,,244,1,0,5 42,0,470,,245,1,0,5 42,0,510,,246,1,0,5 42,0
96000,'7f443a14596255477616',650,,250,1,0,5 6 7 8,0,55,,454,1,0,5 6 7 8,0,140,,252,1,0,5 6 7 8,0,765,,247,1,0,5 42,0
96001,'31744f7e5638320a2d4c',1250,,455,14,4,,0
96001,'553d275f1455102c362a',1750,,456,14,4,,0,100,,457,14,4,,0
96100,'0e5131610429337c0530',835,,274,1,0,25 6 26 27,0
96100,'1c2e3625233d01453772',711,,277,3,0,70 13 71,0,45,,278,3,0,70 13 71,0,850,,275,3,0,20 21 22,0,140,,276,3,0,70 13 71,0
96100,'1f5759673f12020b0a50',951,,280,3,0,70 13 71,0,295,,281,3,0,72 73,0,500,,282,3,0,70 13 71,0,90,,283,3,0,72 73,0
96100,'31744f7e5638320a2d4c',1236,,284,4,0,70 13 71,0,5,,286,3,0,72 73,0
96100,'3823594e52252d7f6b14',1551,,287,3,0,70 13 71,0
96100,'456e647057623f581d57',1236,,289,3,0,70 13 71,0,90,,288,3,0,72 73,0
96100,'470c2b026954373b2a2c',1836,,290,3,0,72 73,0
96100,'553d275f1455102c362a',1736,,291,4,0,20 21 22,0,100,,293,4,0,72 73,0
96600,'1c2e3625233d01453772',705,,211,2,0,53 13 14,0,45,,212,2,0,53 13 14,0,475,,213,2,0,53 13 14,0,400,,214,2,0,53 13 14,0,210,,215,2,0,53 13 14,0
96700,'1c2e3625233d01453772',741,,439,3,0,12 13 14,0,364,,440,1,0,12 6 15,0,105,,441,1,0,12 13 14,0,500,,442,1,0,12 6 15,0,115,,443,1,0,12 13 14,0
