96001,'1c2e3625233d01453772',659,,254,7,0,43 13 14,0,143,,255,7,0,43 13 14,0,57,,256,7,0,43 13 14,0,275,,257,7,0,43 13 14,0,205,,258,7,0,43 13 14,0,590,,253,7,0,43 13 14,0
96001,'1f5759673f12020b0a50',854,,259,7,0,43 13 14,0
96001,'22780d2f1d5a3c733f01',1729,,37,7,0,43 13 14,0,105,,38,7,0,43 13 14,0
96001,'2950393c27405f00087a',1129,,36,7,0,43 13 14,0,325,,34,7,0,43 13 14,0,370,,35,7,0,43 13 14,0
96001,'31744f7e5638320a2d4c',1219,,261,8,0,43 13 14,0
96001,'3d72274f192e402b444c',1219,,23,7,0,43 13 14,0
96001,'470c2b026954373b2a2c',1629,,262,7,0,43 13 14,0,100,,263,7,0,43 13 14,0,105,,264,7,0,43 13 14,0
96001,'471c0c66524f66645466',854,,22,7,0,43 13 14,0
96001,'553d275f1455102c362a',1219,,269,7,0,43 13 14,0,410,,265,8,0,43 13 14,0,95,,266,8,0,43 13 14,0,5,,267,8,0,43 13 14,0,105,,268,8,0,43 13 14,0
96001,'567e0118421c5c34535e',1624,,46,7,0,43 13 14,0
96001,'6d483b2837411e672469',659,,40,7,0,43 13 14,0,142,,41,7,0,43 13 14,0,47,,42,7,0,43 13 14,0,286,,43,7,0,43 13 14,0,205,,39,7,0,43 13 14,0
96001,'7a7c2673351c18595c18',1129,,270,7,0,43 13 14,0,325,,271,7,0,43 13 14,0,370,,272,7,0,43 13 14,0
96001,'7f443a14596255477616',704,,273,10,0,43 13 44 75,0
96201,'0e083239767c445d570c',852,,114,5,0,50 13 44,0
96201,'135f4f1051221c73186b',1301,,412,13,0,50 13 44,0,515,,413,13,0,50 13 44,0
96201,'153723784e7d3b2b0731',1402,,126,5,0,50 13 44,0
96201,'184134507f4517151633',852,,414,5,0,50 13 44,0,465,,415,5,0,50 13 44,0,499,,416,5,0,50 13 44,0
96201,'1c6668060e3547483b62',1222,,417,6,0,50 13 44,0
96201,'2a08755845643968295b',852,,117,5,0,50 13 44,0
96201,'3a658045251733743778',1402,,121,5,0,50 13 44,0,417,,120,5,0,50 13 44,0
96201,'4161404f6e1d206c551d',1301,,419,13,0,50 13 44,0,515,,420,13,0,50 13 44,0
96201,'456526736278083e573b',1717,,421,6,0,50 13 44,0
96201,'486b294706564a373d04',1717,,422,6,0,50 13 44,0
96201,'494c103a0c600f5b155d',1222,,423,6,0,50 13 44,0
96201,'54671a3201207c557567',852,,424,5,0,50 13 44,0,449,,426,13,0,50 13 44,0,515,,427,13,0,50 13 44,0
96201,'5c3f0c273c5f637c7951',1301,,428,13,0,50 13 44,0,515,,429,13,0,50 13 44,0
96201,'5f39503d7a7a0c366424',1819,,125,5,0,50 13 44,0
96201,'79205e122e21020a041d',702,,431,5,0,50 13 44,0,105,,432,5,0,50 13 44,0
96201,'7c40501f37807a467b28',852,,433,5,0,50 13 44,0
96201,'7f25501a30683c20583f',702,,434,5,0,50 13 44,0,105,,435,5,0,50 13 44,0,510,,436,5,0,50 13 44,0,499,,437,5,0,50 13 44,0
