96000,'1e386a27476c5b6e1461',723,,250,15,0,5 6 7 8,0,195,,252,15,0,5 6 7 8,0,725,,247,15,0,5 42,0,110,,248,12,0,5 6 7 8,0,100,,249,12,0,47 48,0
96000,'1f5759673f12020b0a50',1033,,241,15,0,5 42,0
96000,'2f16807a52596335736c',833,,237,15,0,5 42,0,185,,238,15,0,5 42,0,235,,239,15,0,5 42,0,85,,240,15,0,5 42,0,265,,233,15,0,5 42,0,145,,234,15,0,5 42,0,105,,235,15,0,5 42,0,150,,236,15,0,5 42,0
96000,'31744f7e5638320a2d4c',1253,,242,12,0,47 48,0
96000,'59737b0d0f044b52693e',723,,243,15,0,5 42,0
96000,'7a7c2673351c18595c18',823,,244,15,0,5 42,0,430,,245,15,0,5 42,0,550,,246,15,0,5 42,0
96200,'0e02675f5b025e807c5b',825,,385,10,0,76 77 78 2 10 11,0,517,,387,10,0,76 77 78 2 10 11,0
96200,'17341052637b72794d09',825,,391,10,0,76 77 78 2 10 11,0,517,,393,10,0,76 77 78 2 10 11,0
96200,'184134507f4517151633',826,,388,10,0,5 42,0,416,,389,9,0,5 42,0,496,,390,10,0,5 42,0
96200,'3c165732776e7051752a',735,,404,11,0,5 6 7 8,0,1010,,405,15,0,5 42,0
96200,'456526736278083e573b',1850,,394,15,0,5 42,0
96200,'494c103a0c600f5b155d',1250,,396,15,0,5 42,0
96200,'54671a3201207c557567',825,,397,10,0,76 77 78 2 10 11,0,517,,399,10,0,76 77 78 2 10 11,0,395,,400,10,0,5 42,0
96200,'5c3f0c273c5f637c7951',825,,403,10,0,76 77 78 2 10 11,0,517,,402,10,0,76 77 78 2 10 11,0
96200,'661a4f71514f6d6d182d',1850,,395,15,0,5 42,0
96200,'7c40501f37807a467b28',1737,,406,10,0,5 42,0
96200,'7f25501a30683c20583f',735,,407,11,0,5 6 7 8,0,90,,408,10,0,5 42,0,425,,409,15,0,5 42,0,495,,410,15,0,5 42,0
