96501,'1c2e3625233d01453772',743,,341,3,0,50 13 14,0,265,,339,3,0,50 13 14,0,200,,342,3,0,50 13 14,0,210,,340,3,0,50 13 14,0,415,,343,3,0,50 13 14,0
96501,'1f5759673f12020b0a50',743,,382,3,0,50 13 14,0
96501,'291e1d104d1a1f5a2d2a',1208,,188,3,0,50 13 14,0,625,,189,3,0,50 13 14,0
96501,'3d657754244e040d6c47',1522,,196,11,4,,0,6,,197,3,0,50 13 14,0
96501,'5a130d080b5029180741',1827,,204,11,4,,0
96501,'5a622e2f735638475e4f',737,,190,11,4,,0
96501,'5e7c480b705d7d2d5e1b',743,,200,3,0,50 13 14,0
96501,'5f3a5d635165645c1e2c',619,,207,3,0,50 13 14,0,383,,208,11,4,,0,6,,209,3,0,50 13 14,0,330,,205,2,0,50 13 14,0,69,,206,11,4,,0,11,,210,3,0,50 13 14,0
96501,'651e4b362f651d7f6b44',1150,,193,10,4,,0,56,,194,2,0,50 13 14,0,614,,195,10,0,50 13 14,0
96501,'6c100f3d1e05612c4233',1202,,192,11,4,,0
96501,'7a7c2673351c18595c18',1208,,384,3,0,50 13 14,0,320,,344,3,0,50 13 14,0,305,,383,3,0,50 13 14,0
96501,'7f443a14596255477616',1703,,345,3,0,50 13 14,0
96801,'014b63200b157a720f0c',1157,,369,10,4,,0,360,,370,10,4,,0,305,,371,10,,,0
96801,'097348313a7e544e7b2b',1102,,360,11,,,0,230,,361,11,,,0,500,,362,11,,,0
96801,'156e251957736a3b2f1d',1102,,363,7,,,0,720,,364,7,,,0
96801,'1c2e3625233d01453772',619,,366,3,,,0,92,,365,7,,,0,525,,367,7,,,0,400,,368,7,,,0
96801,'3b110f002e63067b2820',1157,,372,10,4,,0,665,,374,10,,,0
